Date;Rue;Latitude;Longitude;Vitesse;Etat;Distance;Infos
08/12/23 09:21:03;;45.152637;5.737601;;DEPOT;0;
08/12/23 09:21:03;;45.152637;5.737601;;DEPOT;0;
08/12/23 09:21:03;;45.152637;5.737601;;DEPOT;0;
08/12/23 09:21:04;;45.152637;5.737601;;DEPOT;0;
08/12/23 09:21:04;;45.152637;5.737601;;DEPOT;0;
08/12/23 09:21:04;;45.152637;5.737601;;DEPOT;0;
08/12/23 09:21:10;;45.152637;5.737601;0.0;DEPOT;75;
08/12/23 09:24:39;Rue Le Corbusier, Eybens;45.153225;5.737126;18.0;HAUT LE PIED;14;
08/12/23 09:24:43;Rue Le Corbusier, Eybens;45.153236;5.736951;13.0;HAUT LE PIED;9;
08/12/23 09:24:45;Rue Le Corbusier, Eybens;45.15329;5.736868;8.0;HAUT LE PIED;11;
08/12/23 09:24:49;Rue Le Corbusier, Eybens;45.15337;5.736784;8.0;HAUT LE PIED;8;
08/12/23 09:24:52;Rue Le Corbusier, Eybens;45.153381;5.736682;13.0;HAUT LE PIED;132;
08/12/23 09:25:08;Rue Le Corbusier, Eybens;45.153332;5.735003;45.0;HAUT LE PIED;50;
08/12/23 09:25:14;Rue Le Corbusier, Eybens;45.153347;5.734366;22.0;HAUT LE PIED;16;
08/12/23 09:25:16;Inconnu, Eybens;45.153416;5.734192;19.0;HAUT LE PIED;37;
08/12/23 09:25:21;Avenue d'Innsbruck, Eybens;45.153664;5.73387;29.0;HAUT LE PIED;29;
08/12/23 09:25:24;Avenue d'Innsbruck, Eybens;45.153927;5.733824;38.0;HAUT LE PIED;311;
08/12/23 09:25:50;Inconnu, Grenoble;45.156719;5.733855;12.0;HAUT LE PIED;6;
08/12/23 09:26:22;Inconnu, Grenoble;45.156776;5.733872;0.0;ARRET;80;
08/12/23 09:26:52;Avenue d'Innsbruck, Grenoble;45.157494;5.733818;32.0;HAUT LE PIED;109;
08/12/23 09:27:03;Avenue d'Innsbruck, Grenoble;45.15847;5.733831;20.0;HAUT LE PIED;0;
08/12/23 09:27:34;Avenue d'Innsbruck, Grenoble;45.158466;5.73383;0.0;ARRET;29;
08/12/23 09:28:06;Avenue d'Innsbruck, Grenoble;45.158722;5.733777;24.0;HAUT LE PIED;19;
08/12/23 09:28:09;Avenue de l'Europe, Grenoble;45.158848;5.733937;22.0;HAUT LE PIED;20;
08/12/23 09:28:12;Avenue de l'Europe, Grenoble;45.15897;5.734124;27.0;HAUT LE PIED;26;
08/12/23 09:28:15;D 5B, Grenoble;45.159203;5.734159;30.0;HAUT LE PIED;25;
08/12/23 09:28:17;Avenue de l'Europe, Grenoble;45.159393;5.733997;31.0;HAUT LE PIED;27;
08/12/23 09:28:20;Avenue de l'Europe, Grenoble;45.159462;5.733669;34.0;HAUT LE PIED;180;
08/12/23 09:28:51;Avenue de l'Europe, Grenoble;45.15937;5.731378;0.0;ARRET;27;
08/12/23 09:29:07;Avenue de l'Europe, Grenoble;45.159378;5.731037;25.0;HAUT LE PIED;144;
08/12/23 09:29:37;Avenue de l'Europe, Grenoble;45.15934;5.729202;0.0;ARRET;31;
08/12/23 09:29:58;Avenue Edmond Esmonin, Grenoble;45.159325;5.728809;28.0;HAUT LE PIED;219;
08/12/23 09:30:15;Avenue Edmond Esmonin, Grenoble;45.159416;5.726016;49.0;HAUT LE PIED;259;
08/12/23 09:30:38;Avenue Edmond Esmonin, Grenoble;45.159813;5.722761;44.0;HAUT LE PIED;120;
08/12/23 09:30:49;Avenue Edmond Esmonin, Grenoble;45.160149;5.721309;32.0;HAUT LE PIED;21;
08/12/23 09:30:52;Avenue Edmond Esmonin, Grenoble;45.160263;5.721096;18.0;HAUT LE PIED;59;
08/12/23 09:30:59;Rue Lucien Andrieux, Grenoble;45.160686;5.720635;37.0;HAUT LE PIED;30;
08/12/23 09:31:02;Rue Lucien Andrieux, Grenoble;45.160751;5.720261;36.0;HAUT LE PIED;31;
08/12/23 09:31:05;Rond-Point Pierre et Marie Curie, Grenoble;45.160671;5.719889;36.0;HAUT LE PIED;28;
08/12/23 09:31:09;Avenue Paul Verlaine, Grenoble;45.160648;5.719533;38.0;HAUT LE PIED;34;
08/12/23 09:31:11;Avenue Paul Verlaine, Grenoble;45.160748;5.71913;45.0;HAUT LE PIED;274;
08/12/23 09:31:42;Verlaine, Grenoble;45.161964;5.716086;0.0;ARRET;31;
08/12/23 09:33:02;Inconnu, Grenoble;45.162235;5.716154;24.0;HAUT LE PIED;258;
08/12/23 09:33:32;Beauvert, Grenoble;45.164169;5.717973;28.0;HAUT LE PIED;21;
08/12/23 09:33:36;Avenue Léon Blum, Grenoble;45.164333;5.718093;12.0;HAUT LE PIED;28;
08/12/23 09:33:52;Avenue Léon Blum, Grenoble;45.16457;5.718227;20.0;HAUT LE PIED;195;
08/12/23 09:34:11;Avenue Léon Blum, Grenoble;45.166031;5.71959;43.0;HAUT LE PIED;272;
08/12/23 09:34:35;Avenue Léon Blum, Grenoble;45.168114;5.72141;16.0;HAUT LE PIED;26;
08/12/23 09:34:48;Rue Massenet, Grenoble;45.168259;5.721143;12.0;HAUT LE PIED;5;
08/12/23 09:35:18;Rue Massenet, Grenoble;45.16827;5.721087;0.0;ARRET;2;
08/12/23 09:35:53;Rue Massenet, Grenoble;45.168259;5.721069;;COLLECTE;0;
08/12/23 09:36:01;Rue Massenet, Grenoble;45.168259;5.721069;;ARRET;0;
08/12/23 09:36:05;Rue Massenet, Grenoble;45.168259;5.721069;;COLLECTE;0;
08/12/23 09:36:11;Rue Massenet, Grenoble;45.168259;5.721069;;ARRET;24;
08/12/23 09:36:42;Rue Massenet, Grenoble;45.168377;5.720807;;COLLECTE;0;
08/12/23 09:36:50;Rue Massenet, Grenoble;45.168377;5.720807;;ARRET;2;
08/12/23 09:36:54;Rue Massenet, Grenoble;45.168385;5.72079;7.0;HAUT LE PIED;16;
08/12/23 09:37:04;Rue Massenet, Grenoble;45.168449;5.720601;;COLLECTE;1;
08/12/23 09:37:12;Rue Massenet, Grenoble;45.168438;5.720599;;ARRET;0;
08/12/23 09:37:17;Rue Massenet, Grenoble;45.168438;5.720593;;ARRET;22;
08/12/23 09:37:24;Rue Massenet, Grenoble;45.168537;5.720349;10.0;HAUT LE PIED;13;
08/12/23 09:37:33;Rue Massenet, Grenoble;45.168594;5.720209;;ARRET;2;
08/12/23 09:37:43;Rue Massenet, Grenoble;45.168583;5.720222;;COLLECTE;0;
08/12/23 09:37:46;Rue Massenet, Grenoble;45.168579;5.720224;;COLLECTE;0;
08/12/23 09:37:50;Rue Massenet, Grenoble;45.168579;5.720224;;COLLECTE;0;
08/12/23 09:37:53;Rue Massenet, Grenoble;45.168579;5.720224;;ARRET;0;
08/12/23 09:37:54;Rue Massenet, Grenoble;45.168579;5.720224;0.0;ARRET;0;
08/12/23 09:37:55;Rue Massenet, Grenoble;45.168579;5.720224;;COLLECTE;0;
08/12/23 09:38:05;Rue Massenet, Grenoble;45.168579;5.720224;;ARRET;0;
08/12/23 09:38:17;Rue Massenet, Grenoble;45.168579;5.720223;;COLLECTE;0;
08/12/23 09:38:20;Rue Massenet, Grenoble;45.168579;5.720223;;COLLECTE;0;
08/12/23 09:38:23;Rue Massenet, Grenoble;45.168579;5.720223;;COLLECTE;0;
08/12/23 09:38:27;Rue Massenet, Grenoble;45.168579;5.720223;;ARRET;9;
08/12/23 09:38:45;Rue Massenet, Grenoble;45.168621;5.720129;;COLLECTE;0;
08/12/23 09:38:46;Rue Massenet, Grenoble;45.168621;5.720128;;COLLECTE;0;
08/12/23 09:38:53;Rue Massenet, Grenoble;45.168621;5.720122;;COLLECTE;0;
08/12/23 09:38:53;Rue Massenet, Grenoble;45.168621;5.720122;;ARRET;0;
08/12/23 09:38:57;Rue Massenet, Grenoble;45.168621;5.720122;;ARRET;19;
08/12/23 09:39:06;Rue Massenet, Grenoble;45.168701;5.719909;11.0;HAUT LE PIED;7;
08/12/23 09:39:10;Rue Massenet, Grenoble;45.168728;5.719832;;ARRET;1;
08/12/23 09:39:22;Rue Massenet, Grenoble;45.16872;5.719824;;COLLECTE;0;
08/12/23 09:39:30;Rue Massenet, Grenoble;45.16872;5.719821;;ARRET;0;
08/12/23 09:39:36;Rue Massenet, Grenoble;45.16872;5.719821;0.0;ARRET;26;
08/12/23 09:39:46;Rue Massenet, Grenoble;45.168823;5.719528;11.0;HAUT LE PIED;8;
08/12/23 09:39:49;Rue Alphonse Daudet, Grenoble;45.16888;5.719456;10.0;HAUT LE PIED;4;
08/12/23 09:39:55;Rue Alphonse Daudet, Grenoble;45.168915;5.719475;;COLLECTE;0;
08/12/23 09:39:57;Rue Alphonse Daudet, Grenoble;45.168915;5.719479;;COLLECTE;1;
08/12/23 09:40:02;Rue Alphonse Daudet, Grenoble;45.168922;5.719484;;COLLECTE;0;
08/12/23 09:40:04;Rue Alphonse Daudet, Grenoble;45.168919;5.719483;;ARRET;0;
08/12/23 09:40:20;Rue Alphonse Daudet, Grenoble;45.168922;5.719484;0.0;ARRET;0;
08/12/23 09:40:30;Rue Alphonse Daudet, Grenoble;45.168922;5.719484;;COLLECTE;0;
08/12/23 09:40:33;Rue Alphonse Daudet, Grenoble;45.168922;5.719484;;COLLECTE;0;
08/12/23 09:40:38;Rue Alphonse Daudet, Grenoble;45.168922;5.719485;;COLLECTE;0;
08/12/23 09:40:40;Rue Alphonse Daudet, Grenoble;45.168922;5.719485;;ARRET;0;
08/12/23 09:40:45;Rue Alphonse Daudet, Grenoble;45.168922;5.719485;;ARRET;26;
08/12/23 09:40:56;Rue Alphonse Daudet, Grenoble;45.169106;5.719682;14.0;HAUT LE PIED;6;
08/12/23 09:41:04;Rue Alphonse Daudet, Grenoble;45.169155;5.719709;;ARRET;1;
08/12/23 09:41:17;Rue Alphonse Daudet, Grenoble;45.169159;5.719717;;COLLECTE;0;
08/12/23 09:41:23;Rue Alphonse Daudet, Grenoble;45.169163;5.719717;;ARRET;0;
08/12/23 09:41:26;Rue Alphonse Daudet, Grenoble;45.169163;5.719718;0.0;ARRET;21;
08/12/23 09:41:37;Rue Alphonse Daudet, Grenoble;45.169323;5.719848;;COLLECTE;1;
08/12/23 09:41:43;Rue Alphonse Daudet, Grenoble;45.169327;5.719844;;ARRET;6;
08/12/23 09:41:49;Rue Alphonse Daudet, Grenoble;45.169373;5.719872;15.0;HAUT LE PIED;6;
08/12/23 09:42:00;Rue Alphonse Daudet, Grenoble;45.169426;5.719901;;COLLECTE;1;
08/12/23 09:42:08;Rue Alphonse Daudet, Grenoble;45.169434;5.719896;;ARRET;16;
08/12/23 09:42:19;Rue Alphonse Daudet, Grenoble;45.169559;5.719989;0.0;ARRET;0;
08/12/23 09:42:23;Rue Alphonse Daudet, Grenoble;45.169559;5.719985;;COLLECTE;0;
08/12/23 09:42:29;Rue Alphonse Daudet, Grenoble;45.169556;5.719985;;ARRET;27;
08/12/23 09:42:39;Rue Amable Matussière, Grenoble;45.169754;5.720186;21.0;HAUT LE PIED;20;
08/12/23 09:42:41;Rue Amable Matussière, Grenoble;45.169922;5.720264;25.0;HAUT LE PIED;37;
08/12/23 09:42:51;Rue Amable Matussière, Grenoble;45.170231;5.720449;16.0;HAUT LE PIED;70;
08/12/23 09:43:07;Rue Amable Matussière, Grenoble;45.170803;5.720808;14.0;HAUT LE PIED;86;
08/12/23 09:43:18;Rue Amable Matussière, Grenoble;45.171513;5.72123;34.0;HAUT LE PIED;23;
08/12/23 09:43:21;Chemin des Alpins, Grenoble;45.171692;5.721372;21.0;HAUT LE PIED;21;
08/12/23 09:43:24;Chemin des Alpins, Grenoble;45.171726;5.721633;29.0;HAUT LE PIED;29;
08/12/23 09:43:28;Rue du Lieutenant Chabal, Grenoble;45.171654;5.721984;39.0;HAUT LE PIED;161;
08/12/23 09:43:48;Rue de Stalingrad, Grenoble;45.17094;5.723767;8.0;HAUT LE PIED;6;
08/12/23 09:43:51;Rue de Stalingrad, Grenoble;45.170902;5.723714;11.0;HAUT LE PIED;121;
08/12/23 09:44:20;Avenue Léon Blum, Grenoble;45.169952;5.722962;10.0;HAUT LE PIED;136;
08/12/23 09:44:37;Rue René Lesage, Grenoble;45.168934;5.722013;11.0;HAUT LE PIED;7;
08/12/23 09:44:41;Rue René Lesage, Grenoble;45.168964;5.721938;8.0;HAUT LE PIED;46;
08/12/23 09:44:52;Rue René Lesage, Grenoble;45.169186;5.721446;26.0;HAUT LE PIED;51;
08/12/23 09:44:59;Rue René Lesage, Grenoble;45.169376;5.720852;15.0;HAUT LE PIED;29;
08/12/23 09:45:13;Rue Edmond Rostand, Grenoble;45.169144;5.720689;13.0;HAUT LE PIED;15;
08/12/23 09:45:22;Rue Edmond Rostand, Grenoble;45.169018;5.720609;;COLLECTE;1;
08/12/23 09:45:29;Rue Edmond Rostand, Grenoble;45.169018;5.720623;;ARRET;0;
08/12/23 09:45:32;Rue Edmond Rostand, Grenoble;45.169018;5.720624;;COLLECTE;0;
08/12/23 09:45:34;Rue Edmond Rostand, Grenoble;45.169018;5.720624;;COLLECTE;0;
08/12/23 09:45:38;Rue Edmond Rostand, Grenoble;45.169018;5.720624;;COLLECTE;0;
08/12/23 09:45:43;Rue Edmond Rostand, Grenoble;45.169018;5.720624;;ARRET;2;
08/12/23 09:45:53;Rue Edmond Rostand, Grenoble;45.169014;5.720602;;ARRET;26;
08/12/23 09:46:01;Rue Edmond Rostand, Grenoble;45.168797;5.720475;10.0;HAUT LE PIED;3;
08/12/23 09:46:06;Rue Edmond Rostand, Grenoble;45.16877;5.720458;;ARRET;2;
08/12/23 09:46:18;Rue Edmond Rostand, Grenoble;45.168785;5.720457;;COLLECTE;1;
08/12/23 09:46:24;Rue Edmond Rostand, Grenoble;45.168781;5.720451;;ARRET;1;
08/12/23 09:46:31;Rue Edmond Rostand, Grenoble;45.168777;5.720446;0.0;ARRET;27;
08/12/23 09:46:56;Rue Edmond Rostand, Grenoble;45.16856;5.720298;9.0;HAUT LE PIED;8;
08/12/23 09:47:00;Rue Massenet, Grenoble;45.168488;5.720327;8.0;HAUT LE PIED;93;
08/12/23 09:47:25;Rue Massenet, Grenoble;45.168106;5.721388;9.0;HAUT LE PIED;6;
08/12/23 09:47:27;Avenue Léon Blum, Grenoble;45.168129;5.721463;9.0;HAUT LE PIED;112;
08/12/23 09:47:42;Avenue Léon Blum, Grenoble;45.168991;5.722199;38.0;HAUT LE PIED;105;
08/12/23 09:48:13;Avenue Léon Blum, Grenoble;45.169777;5.722942;0.0;ARRET;25;
08/12/23 09:48:27;Avenue Léon Blum, Grenoble;45.16996;5.723129;22.0;HAUT LE PIED;166;
08/12/23 09:48:58;Rue de Stalingrad, Grenoble;45.171272;5.724137;0.0;ARRET;30;
08/12/23 09:49:13;Rue de Stalingrad, Grenoble;45.171509;5.724309;22.0;HAUT LE PIED;22;
08/12/23 09:49:15;Rue des Alliés, Grenoble;45.171669;5.724467;25.0;HAUT LE PIED;16;
08/12/23 09:49:18;Rue des Alliés, Grenoble;45.171684;5.724669;22.0;HAUT LE PIED;28;
08/12/23 09:49:21;Rue des Alliés, Grenoble;45.17152;5.724944;35.0;HAUT LE PIED;345;
08/12/23 09:49:52;Rue des Alliés, Grenoble;45.17009;5.728846;32.0;HAUT LE PIED;19;
08/12/23 09:49:55;Rue des Alliés, Grenoble;45.169971;5.729025;16.0;HAUT LE PIED;26;
08/12/23 09:50:19;Rue des Alliés, Grenoble;45.170166;5.728845;17.0;HAUT LE PIED;31;
08/12/23 09:50:23;Rue des Alliés, Grenoble;45.170288;5.72849;28.0;HAUT LE PIED;23;
08/12/23 09:50:53;Rue des Alliés, Grenoble;45.170422;5.728275;0.0;ARRET;0;
08/12/23 09:50:56;Rue des Alliés, Grenoble;45.170422;5.728275;;COLLECTE;0;
08/12/23 09:51:05;Rue des Alliés, Grenoble;45.170422;5.728276;;COLLECTE;0;
08/12/23 09:51:16;Rue des Alliés, Grenoble;45.170422;5.728273;;COLLECTE;2;
08/12/23 09:51:23;Rue des Alliés, Grenoble;45.170437;5.728262;;ARRET;0;
08/12/23 09:51:40;Rue des Alliés, Grenoble;45.170441;5.728261;;COLLECTE;0;
08/12/23 09:51:46;Rue des Alliés, Grenoble;45.170441;5.728261;;ARRET;0;
08/12/23 09:51:49;Rue des Alliés, Grenoble;45.170441;5.728261;;ARRET;26;
08/12/23 09:52:01;Rue des Alliés, Grenoble;45.170544;5.727965;24.0;HAUT LE PIED;132;
08/12/23 09:52:18;Rue des Alliés, Grenoble;45.171062;5.726445;31.0;HAUT LE PIED;96;
08/12/23 09:52:34;Rue des Alliés, Grenoble;45.171455;5.725353;;ARRET;2;
08/12/23 09:52:42;Rue des Alliés, Grenoble;45.171467;5.725336;;COLLECTE;1;
08/12/23 09:52:48;Rue des Alliés, Grenoble;45.171471;5.725339;;ARRET;0;
08/12/23 09:52:50;Rue des Alliés, Grenoble;45.171471;5.725339;;COLLECTE;0;
08/12/23 09:52:57;Rue des Alliés, Grenoble;45.171471;5.725339;;COLLECTE;0;
08/12/23 09:52:58;Rue des Alliés, Grenoble;45.171471;5.725339;;COLLECTE;0;
08/12/23 09:53:03;Rue des Alliés, Grenoble;45.171471;5.725339;;ARRET;0;
08/12/23 09:53:06;Rue des Alliés, Grenoble;45.171471;5.725339;;ARRET;28;
08/12/23 09:53:17;Rue des Alliés, Grenoble;45.171589;5.725019;22.0;HAUT LE PIED;16;
08/12/23 09:53:20;Rue des Alliés, Grenoble;45.171696;5.724887;17.0;HAUT LE PIED;5;
08/12/23 09:53:24;Rue des Alliés, Grenoble;45.171715;5.724825;;ARRET;2;
08/12/23 09:53:34;Rue des Alliés, Grenoble;45.171719;5.724803;;COLLECTE;0;
08/12/23 09:53:44;Rue des Alliés, Grenoble;45.171719;5.724802;;ARRET;0;
08/12/23 09:53:51;Rue des Alliés, Grenoble;45.171719;5.724802;0.0;ARRET;0;
08/12/23 09:53:53;Rue des Alliés, Grenoble;45.171719;5.724802;;COLLECTE;0;
08/12/23 09:54:01;Rue des Alliés, Grenoble;45.171719;5.724802;;ARRET;0;
08/12/23 09:54:02;Rue des Alliés, Grenoble;45.171719;5.724802;;ARRET;26;
08/12/23 09:54:17;Rue de Stalingrad, Grenoble;45.171825;5.724502;14.0;HAUT LE PIED;10;
08/12/23 09:54:23;Rue de Stalingrad, Grenoble;45.171913;5.724479;;ARRET;1;
08/12/23 09:54:38;Rue de Stalingrad, Grenoble;45.171925;5.724475;;COLLECTE;0;
08/12/23 09:54:40;Rue de Stalingrad, Grenoble;45.171928;5.724475;;COLLECTE;0;
08/12/23 09:54:44;Rue de Stalingrad, Grenoble;45.171928;5.724474;;COLLECTE;0;
08/12/23 09:54:46;Rue de Stalingrad, Grenoble;45.171928;5.724474;;ARRET;0;
08/12/23 09:54:47;Rue de Stalingrad, Grenoble;45.171928;5.724474;0.0;ARRET;0;
08/12/23 09:54:55;Rue de Stalingrad, Grenoble;45.171928;5.724474;;COLLECTE;0;
08/12/23 09:54:58;Rue de Stalingrad, Grenoble;45.171928;5.724474;;COLLECTE;0;
08/12/23 09:55:01;Rue de Stalingrad, Grenoble;45.171928;5.724474;;COLLECTE;0;
08/12/23 09:55:04;Rue de Stalingrad, Grenoble;45.171928;5.724474;;ARRET;0;
08/12/23 09:55:07;Rue de Stalingrad, Grenoble;45.171928;5.724474;;ARRET;25;
08/12/23 09:55:22;Rue de Stalingrad, Grenoble;45.172142;5.724565;20.0;HAUT LE PIED;43;
08/12/23 09:55:34;Rue de Stalingrad, Grenoble;45.17252;5.724685;;ARRET;1;
08/12/23 09:55:46;Rue de Stalingrad, Grenoble;45.17252;5.72467;;COLLECTE;1;
08/12/23 09:55:52;Rue de Stalingrad, Grenoble;45.172527;5.724677;0.0;COLLECTE;1;
08/12/23 09:55:54;Rue de Stalingrad, Grenoble;45.172531;5.724682;;ARRET;1;
08/12/23 09:55:57;Rue de Stalingrad, Grenoble;45.172539;5.724693;;COLLECTE;0;
08/12/23 09:56:03;Rue de Stalingrad, Grenoble;45.172539;5.724692;;ARRET;22;
08/12/23 09:56:32;Rue Eugène Sue, Grenoble;45.172527;5.724967;;COLLECTE;2;
08/12/23 09:56:40;Rue Eugène Sue, Grenoble;45.172512;5.724954;;ARRET;1;
08/12/23 09:56:44;Rue Eugène Sue, Grenoble;45.172508;5.724959;;ARRET;4;
08/12/23 09:56:45;Rue Eugène Sue, Grenoble;45.172485;5.725005;11.0;HAUT LE PIED;50;
08/12/23 09:57:10;Rue Eugène Sue, Grenoble;45.172253;5.725558;;ARRET;3;
08/12/23 09:57:16;Rue Eugène Sue, Grenoble;45.17223;5.725562;0.0;ARRET;1;
08/12/23 09:57:29;Rue Eugène Sue, Grenoble;45.172226;5.725567;;COLLECTE;0;
08/12/23 09:57:43;Rue Eugène Sue, Grenoble;45.172226;5.725567;;ARRET;0;
08/12/23 09:58:10;Rue Eugène Sue, Grenoble;45.172226;5.725566;;ARRET;0;
08/12/23 09:58:12;Rue Eugène Sue, Grenoble;45.172226;5.725566;;ARRET;0;
08/12/23 09:58:20;Rue Eugène Sue, Grenoble;45.172226;5.725566;;COLLECTE;0;
08/12/23 09:58:28;Rue Eugène Sue, Grenoble;45.172226;5.725566;;ARRET;0;
08/12/23 09:58:34;Rue Eugène Sue, Grenoble;45.172226;5.725566;;ARRET;10;
08/12/23 09:58:45;Rue Eugène Sue, Grenoble;45.17218;5.72567;;ARRET;1;
08/12/23 09:58:56;Rue Eugène Sue, Grenoble;45.172176;5.725652;;COLLECTE;0;
08/12/23 09:59:05;Rue Eugène Sue, Grenoble;45.172176;5.725653;;ARRET;0;
08/12/23 09:59:16;Rue Eugène Sue, Grenoble;45.172173;5.725654;;COLLECTE;0;
08/12/23 09:59:25;Rue Eugène Sue, Grenoble;45.172173;5.725653;;ARRET;8;
08/12/23 09:59:47;Rue Eugène Sue, Grenoble;45.172127;5.725737;;COLLECTE;2;
08/12/23 09:59:59;Rue Eugène Sue, Grenoble;45.172108;5.725723;;ARRET;0;
08/12/23 10:00:07;Rue Eugène Sue, Grenoble;45.172108;5.725724;;COLLECTE;0;
08/12/23 10:00:18;Rue Eugène Sue, Grenoble;45.172108;5.725724;;ARRET;0;
08/12/23 10:00:25;Rue Eugène Sue, Grenoble;45.172108;5.725724;;COLLECTE;0;
08/12/23 10:00:37;Rue Eugène Sue, Grenoble;45.172108;5.725724;;ARRET;0;
08/12/23 10:00:49;Rue Eugène Sue, Grenoble;45.172104;5.725723;;COLLECTE;0;
08/12/23 10:00:58;Rue Eugène Sue, Grenoble;45.172104;5.725724;;ARRET;2;
08/12/23 10:01:05;Rue Eugène Sue, Grenoble;45.172123;5.725719;;COLLECTE;1;
08/12/23 10:01:18;Rue Eugène Sue, Grenoble;45.172131;5.725715;;ARRET;0;
08/12/23 10:01:20;Rue Eugène Sue, Grenoble;45.172131;5.725715;;ARRET;26;
08/12/23 10:01:45;Rue Eugène Sue, Grenoble;45.172043;5.726027;;ARRET;1;
08/12/23 10:01:50;Rue Eugène Sue, Grenoble;45.172031;5.726027;;ARRET;0;
08/12/23 10:01:53;Rue Eugène Sue, Grenoble;45.172031;5.726033;;ARRET;0;
08/12/23 10:01:55;Rue Eugène Sue, Grenoble;45.172031;5.726034;;COLLECTE;0;
08/12/23 10:02:01;Rue Eugène Sue, Grenoble;45.172031;5.726034;;ARRET;0;
08/12/23 10:02:24;Rue Eugène Sue, Grenoble;45.172031;5.726035;;COLLECTE;0;
08/12/23 10:02:30;Rue Eugène Sue, Grenoble;45.172031;5.726035;;ARRET;0;
08/12/23 10:02:37;Rue Eugène Sue, Grenoble;45.172031;5.726035;;ARRET;40;
08/12/23 10:02:58;Rue Eugène Sue, Grenoble;45.171879;5.726491;;COLLECTE;1;
08/12/23 10:03:04;Rue Eugène Sue, Grenoble;45.171886;5.726497;;ARRET;6;
08/12/23 10:03:15;Rue Eugène Sue, Grenoble;45.171864;5.726564;11.0;HAUT LE PIED;133;
08/12/23 10:03:36;Rue Eugène Sue, Grenoble;45.171349;5.728095;8.0;HAUT LE PIED;8;
08/12/23 10:03:39;Rue Gustave Flaubert, Grenoble;45.171349;5.7282;12.0;HAUT LE PIED;11;
08/12/23 10:03:43;Rue Gustave Flaubert, Grenoble;45.171413;5.7283;13.0;HAUT LE PIED;25;
08/12/23 10:03:51;Rue Gustave Flaubert, Grenoble;45.171612;5.728437;;ARRET;1;
08/12/23 10:03:56;Rue Gustave Flaubert, Grenoble;45.171604;5.728436;;COLLECTE;0;
08/12/23 10:04:05;Rue Gustave Flaubert, Grenoble;45.171604;5.728442;;ARRET;1;
08/12/23 10:04:09;Rue Gustave Flaubert, Grenoble;45.171597;5.728433;;COLLECTE;1;
08/12/23 10:04:13;Rue Gustave Flaubert, Grenoble;45.171604;5.728427;0.0;COLLECTE;1;
08/12/23 10:04:21;Rue Gustave Flaubert, Grenoble;45.171612;5.728427;;ARRET;0;
08/12/23 10:04:24;Rue Gustave Flaubert, Grenoble;45.171616;5.728429;;ARRET;26;
08/12/23 10:04:32;Rue Gustave Flaubert, Grenoble;45.171818;5.728607;9.0;HAUT LE PIED;2;
08/12/23 10:04:37;Rue Gustave Flaubert, Grenoble;45.171833;5.72861;;ARRET;1;
08/12/23 10:04:43;Rue Gustave Flaubert, Grenoble;45.171841;5.728601;;COLLECTE;0;
08/12/23 10:04:59;Rue Gustave Flaubert, Grenoble;45.171841;5.728601;;ARRET;0;
08/12/23 10:05:00;Rue Gustave Flaubert, Grenoble;45.171841;5.728601;;ARRET;0;
08/12/23 10:05:01;Rue Gustave Flaubert, Grenoble;45.171841;5.728601;;ARRET;0;
08/12/23 10:05:03;Rue Gustave Flaubert, Grenoble;45.171841;5.728601;0.0;ARRET;1;
08/12/23 10:05:21;Rue Gustave Flaubert, Grenoble;45.171844;5.72861;;ARRET;26;
08/12/23 10:05:32;Inconnu, Grenoble;45.172043;5.728782;15.0;HAUT LE PIED;11;
08/12/23 10:05:37;Rue Gustave Flaubert, Grenoble;45.172131;5.728856;;ARRET;3;
08/12/23 10:05:49;Rue Gustave Flaubert, Grenoble;45.172119;5.728883;;COLLECTE;0;
08/12/23 10:06:02;Rue Gustave Flaubert, Grenoble;45.172119;5.728884;0.0;COLLECTE;1;
08/12/23 10:06:13;Rue Gustave Flaubert, Grenoble;45.172119;5.728895;;ARRET;1;
08/12/23 10:06:22;Rue Gustave Flaubert, Grenoble;45.172127;5.728886;;COLLECTE;1;
08/12/23 10:06:32;Rue Gustave Flaubert, Grenoble;45.172123;5.728889;;ARRET;0;
08/12/23 10:06:37;Rue Gustave Flaubert, Grenoble;45.172123;5.728889;;COLLECTE;0;
08/12/23 10:06:46;Rue Gustave Flaubert, Grenoble;45.172123;5.728885;;ARRET;0;
08/12/23 10:06:57;Rue Gustave Flaubert, Grenoble;45.172123;5.728885;;ARRET;25;
08/12/23 10:07:08;Rue Gustave Flaubert, Grenoble;45.172318;5.729052;13.0;HAUT LE PIED;5;
08/12/23 10:07:12;Rue Gustave Flaubert, Grenoble;45.172359;5.729082;;ARRET;1;
08/12/23 10:07:23;Rue Gustave Flaubert, Grenoble;45.172348;5.729072;;COLLECTE;0;
08/12/23 10:07:32;Rue Gustave Flaubert, Grenoble;45.172352;5.729071;;ARRET;0;
08/12/23 10:07:34;Rue Gustave Flaubert, Grenoble;45.172352;5.729071;;ARRET;9;
08/12/23 10:07:38;Rue Marceline Desbordes-Valmore, Grenoble;45.172428;5.729105;0.0;ARRET;27;
08/12/23 10:07:44;Rue Prosper Mérimée, Grenoble;45.172615;5.728881;16.0;HAUT LE PIED;115;
08/12/23 10:08:15;Inconnu, Grenoble;45.173134;5.727611;0.0;ARRET;0;
08/12/23 10:08:21;Inconnu, Grenoble;45.173138;5.727612;;ARRET;0;
08/12/23 10:08:21;Inconnu, Grenoble;45.173138;5.727612;;COLLECTE;0;
08/12/23 10:08:30;Inconnu, Grenoble;45.173138;5.727612;;COLLECTE;0;
08/12/23 10:08:30;Inconnu, Grenoble;45.173138;5.727612;;ARRET;27;
08/12/23 10:08:47;Rue Prosper Mérimée, Grenoble;45.173237;5.727302;;ARRET;1;
08/12/23 10:08:56;Inconnu, Grenoble;45.173241;5.727284;;COLLECTE;0;
08/12/23 10:09:12;Inconnu, Grenoble;45.173241;5.727286;;ARRET;0;
08/12/23 10:09:17;Inconnu, Grenoble;45.173241;5.727286;;ARRET;2;
08/12/23 10:09:19;Inconnu, Grenoble;45.173252;5.727267;9.0;HAUT LE PIED;52;
08/12/23 10:09:36;Inconnu, Grenoble;45.173481;5.726694;;ARRET;2;
08/12/23 10:09:42;Inconnu, Grenoble;45.173496;5.726686;;COLLECTE;0;
08/12/23 10:09:46;Inconnu, Grenoble;45.173496;5.726682;;COLLECTE;0;
08/12/23 10:09:49;Inconnu, Grenoble;45.173496;5.72668;0.0;COLLECTE;0;
08/12/23 10:09:59;Inconnu, Grenoble;45.173496;5.72668;;COLLECTE;2;
08/12/23 10:10:08;Inconnu, Grenoble;45.173485;5.726664;;ARRET;1;
08/12/23 10:10:14;Inconnu, Grenoble;45.173481;5.726654;;COLLECTE;0;
08/12/23 10:10:19;Inconnu, Grenoble;45.173481;5.726653;;ARRET;0;
08/12/23 10:10:22;Inconnu, Grenoble;45.173481;5.726653;;COLLECTE;0;
08/12/23 10:10:29;Inconnu, Grenoble;45.173481;5.726653;;ARRET;0;
08/12/23 10:10:30;Inconnu, Grenoble;45.173481;5.726653;;ARRET;26;
08/12/23 10:10:43;Rue Prosper Mérimée, Grenoble;45.173592;5.726362;11.0;HAUT LE PIED;1;
08/12/23 10:10:49;Rue Prosper Mérimée, Grenoble;45.173599;5.72635;;ARRET;0;
08/12/23 10:11:01;Rue Prosper Mérimée, Grenoble;45.173595;5.726351;;COLLECTE;0;
08/12/23 10:11:04;Rue Prosper Mérimée, Grenoble;45.173595;5.726347;;COLLECTE;1;
08/12/23 10:11:08;Rue Prosper Mérimée, Grenoble;45.173603;5.726352;;COLLECTE;0;
08/12/23 10:11:10;Rue Prosper Mérimée, Grenoble;45.173599;5.726351;;ARRET;7;
08/12/23 10:11:14;Rue Prosper Mérimée, Grenoble;45.17363;5.726278;0.0;ARRET;39;
08/12/23 10:11:55;Rue Prosper Mérimée, Grenoble;45.173813;5.725849;;COLLECTE;0;
08/12/23 10:12:08;Rue Prosper Mérimée, Grenoble;45.173817;5.725849;;ARRET;0;
08/12/23 10:12:15;Rue Prosper Mérimée, Grenoble;45.173817;5.725848;;COLLECTE;0;
08/12/23 10:12:23;Rue Prosper Mérimée, Grenoble;45.173817;5.725848;;ARRET;0;
08/12/23 10:12:33;Rue Prosper Mérimée, Grenoble;45.173813;5.725847;;COLLECTE;0;
08/12/23 10:12:44;Rue Prosper Mérimée, Grenoble;45.173813;5.725847;;ARRET;0;
08/12/23 10:12:48;Rue Prosper Mérimée, Grenoble;45.173813;5.725847;;COLLECTE;0;
08/12/23 10:12:54;Rue Prosper Mérimée, Grenoble;45.173813;5.725846;;ARRET;0;
08/12/23 10:13:01;Rue Prosper Mérimée, Grenoble;45.173817;5.725846;;ARRET;3;
08/12/23 10:13:04;Rue Prosper Mérimée, Grenoble;45.173824;5.725812;8.0;HAUT LE PIED;53;
08/12/23 10:13:21;Rue de Stalingrad, Grenoble;45.174034;5.725207;;ARRET;1;
08/12/23 10:13:35;Rue de Stalingrad, Grenoble;45.174026;5.725215;0.0;ARRET;0;
08/12/23 10:13:39;Rue de Stalingrad, Grenoble;45.174023;5.725214;;COLLECTE;0;
08/12/23 10:13:44;Rue de Stalingrad, Grenoble;45.174023;5.725214;;ARRET;0;
08/12/23 10:13:48;Rue de Stalingrad, Grenoble;45.174023;5.725214;;COLLECTE;0;
08/12/23 10:13:56;Rue de Stalingrad, Grenoble;45.174019;5.725214;;ARRET;0;
08/12/23 10:13:59;Rue de Stalingrad, Grenoble;45.174023;5.725214;;ARRET;27;
08/12/23 10:14:18;Rue de Stalingrad, Grenoble;45.173836;5.725004;19.0;HAUT LE PIED;52;
08/12/23 10:14:27;Rue de Stalingrad, Grenoble;45.17337;5.724901;16.0;HAUT LE PIED;10;
08/12/23 10:14:29;Rue George Sand, Grenoble;45.173298;5.724969;10.0;HAUT LE PIED;63;
08/12/23 10:14:59;Rue George Sand, Grenoble;45.173031;5.725684;5.0;HAUT LE PIED;1;
08/12/23 10:15:03;Rue George Sand, Grenoble;45.173031;5.725702;;ARRET;1;
08/12/23 10:15:10;Rue George Sand, Grenoble;45.173031;5.725695;;COLLECTE;0;
08/12/23 10:15:14;Rue George Sand, Grenoble;45.173031;5.725691;;COLLECTE;0;
08/12/23 10:15:18;Rue George Sand, Grenoble;45.173031;5.725691;;COLLECTE;0;
08/12/23 10:15:24;Rue George Sand, Grenoble;45.173031;5.725691;;ARRET;0;
08/12/23 10:15:40;Rue George Sand, Grenoble;45.173031;5.725692;;COLLECTE;1;
08/12/23 10:15:52;Rue George Sand, Grenoble;45.173031;5.725682;;ARRET;26;
08/12/23 10:16:10;Rue George Sand, Grenoble;45.172924;5.725977;;COLLECTE;1;
08/12/23 10:16:18;Rue George Sand, Grenoble;45.17292;5.725995;;ARRET;2;
08/12/23 10:16:22;Rue George Sand, Grenoble;45.172916;5.726017;8.0;HAUT LE PIED;9;
08/12/23 10:16:39;Rue George Sand, Grenoble;45.17289;5.726132;;COLLECTE;0;
08/12/23 10:16:45;Rue George Sand, Grenoble;45.17289;5.726131;;ARRET;0;
08/12/23 10:16:53;Rue George Sand, Grenoble;45.17289;5.726131;0.0;ARRET;22;
08/12/23 10:17:12;Inconnu, Grenoble;45.172791;5.726371;;COLLECTE;0;
08/12/23 10:17:15;Inconnu, Grenoble;45.172787;5.726373;;COLLECTE;1;
08/12/23 10:17:19;Inconnu, Grenoble;45.172787;5.726381;;COLLECTE;1;
08/12/23 10:17:21;Inconnu, Grenoble;45.172791;5.726385;;ARRET;3;
08/12/23 10:17:27;Inconnu, Grenoble;45.172779;5.726418;9.0;HAUT LE PIED;13;
08/12/23 10:17:45;Rue George Sand, Grenoble;45.172684;5.726505;;COLLECTE;1;
08/12/23 10:17:51;Rue George Sand, Grenoble;45.17268;5.7265;;ARRET;0;
08/12/23 10:17:55;Rue George Sand, Grenoble;45.17268;5.7265;;COLLECTE;0;
08/12/23 10:17:58;Rue George Sand, Grenoble;45.17268;5.7265;0.0;COLLECTE;0;
08/12/23 10:18:06;Rue George Sand, Grenoble;45.17268;5.7265;;ARRET;0;
08/12/23 10:18:10;Rue George Sand, Grenoble;45.17268;5.7265;;ARRET;25;
08/12/23 10:18:19;Rue George Sand, Grenoble;45.172577;5.726789;20.0;HAUT LE PIED;18;
08/12/23 10:18:27;Rue George Sand, Grenoble;45.17252;5.727005;;ARRET;3;
08/12/23 10:18:36;Rue George Sand, Grenoble;45.172539;5.727023;;COLLECTE;0;
08/12/23 10:18:44;Rue George Sand, Grenoble;45.172539;5.727018;;ARRET;0;
08/12/23 10:18:49;Rue George Sand, Grenoble;45.172539;5.727018;;COLLECTE;0;
08/12/23 10:18:50;Rue George Sand, Grenoble;45.172539;5.727018;0.0;COLLECTE;0;
08/12/23 10:18:57;Rue George Sand, Grenoble;45.172539;5.727017;;ARRET;0;
08/12/23 10:19:02;Rue George Sand, Grenoble;45.172539;5.727017;;COLLECTE;0;
08/12/23 10:19:12;Rue George Sand, Grenoble;45.172539;5.727016;;ARRET;0;
08/12/23 10:19:13;Rue George Sand, Grenoble;45.172543;5.727016;;ARRET;27;
08/12/23 10:19:24;Rue George Sand, Grenoble;45.172421;5.727309;22.0;HAUT LE PIED;110;
08/12/23 10:19:40;Rue George Sand, Grenoble;45.17197;5.728556;11.0;HAUT LE PIED;9;
08/12/23 10:19:44;Rue Gustave Flaubert, Grenoble;45.171963;5.728674;14.0;HAUT LE PIED;12;
08/12/23 10:19:48;Inconnu, Grenoble;45.172047;5.728774;20.0;HAUT LE PIED;67;
08/12/23 10:19:58;Rue Gustave Flaubert, Grenoble;45.172554;5.729229;9.0;HAUT LE PIED;11;
08/12/23 10:20:06;Rue Gustave Flaubert, Grenoble;45.172615;5.729342;;ARRET;2;
08/12/23 10:20:21;Rue Gustave Flaubert, Grenoble;45.172607;5.72937;;COLLECTE;0;
08/12/23 10:20:29;Rue Gustave Flaubert, Grenoble;45.172607;5.729371;0.0;COLLECTE;0;
08/12/23 10:20:37;Rue Gustave Flaubert, Grenoble;45.172607;5.729371;;ARRET;0;
08/12/23 10:20:46;Rue Gustave Flaubert, Grenoble;45.172607;5.729371;;COLLECTE;0;
08/12/23 10:20:57;Rue Gustave Flaubert, Grenoble;45.172607;5.729371;;ARRET;0;
08/12/23 10:21:02;Rue Gustave Flaubert, Grenoble;45.172607;5.729371;;COLLECTE;0;
08/12/23 10:21:15;Rue Gustave Flaubert, Grenoble;45.172607;5.729371;;ARRET;0;
08/12/23 10:21:19;Rue Gustave Flaubert, Grenoble;45.172607;5.729371;;ARRET;28;
08/12/23 10:21:28;Rue Gustave Flaubert, Grenoble;45.172829;5.729547;16.0;HAUT LE PIED;17;
08/12/23 10:21:31;Rue Gustave Flaubert, Grenoble;45.172909;5.72973;18.0;HAUT LE PIED;14;
08/12/23 10:21:38;Rue Gustave Flaubert, Grenoble;45.172974;5.729878;;ARRET;2;
08/12/23 10:21:48;Rue Gustave Flaubert, Grenoble;45.172989;5.729889;;COLLECTE;1;
08/12/23 10:22:00;Rue Gustave Flaubert, Grenoble;45.172985;5.729894;;ARRET;0;
08/12/23 10:22:02;Rue Gustave Flaubert, Grenoble;45.172985;5.729894;0.0;ARRET;0;
08/12/23 10:22:04;Rue Gustave Flaubert, Grenoble;45.172985;5.729895;;COLLECTE;2;
08/12/23 10:22:16;Rue Gustave Flaubert, Grenoble;45.172981;5.729917;;ARRET;1;
08/12/23 10:22:21;Rue Gustave Flaubert, Grenoble;45.172981;5.729928;;COLLECTE;0;
08/12/23 10:22:30;Rue Gustave Flaubert, Grenoble;45.172981;5.72993;;ARRET;1;
08/12/23 10:22:38;Rue Gustave Flaubert, Grenoble;45.172985;5.729946;;ARRET;23;
08/12/23 10:22:46;Rue Gustave Flaubert, Grenoble;45.173065;5.730221;13.0;HAUT LE PIED;18;
08/12/23 10:22:52;Rue Gustave Flaubert, Grenoble;45.1731;5.730449;11.0;HAUT LE PIED;20;
08/12/23 10:22:57;Rue Gustave Flaubert, Grenoble;45.173065;5.730696;20.0;HAUT LE PIED;34;
08/12/23 10:23:09;Rue Gustave Flaubert, Grenoble;45.172958;5.731102;;ARRET;3;
08/12/23 10:23:17;Rue Gustave Flaubert, Grenoble;45.172958;5.731063;;COLLECTE;0;
08/12/23 10:23:27;Rue Gustave Flaubert, Grenoble;45.172958;5.73106;0.0;COLLECTE;1;
08/12/23 10:23:31;Rue Gustave Flaubert, Grenoble;45.172962;5.731049;;ARRET;2;
08/12/23 10:23:40;Rue Gustave Flaubert, Grenoble;45.172966;5.731024;;COLLECTE;2;
08/12/23 10:23:56;Rue Gustave Flaubert, Grenoble;45.172962;5.731055;;ARRET;1;
08/12/23 10:24:01;Rue Gustave Flaubert, Grenoble;45.172966;5.731066;;COLLECTE;0;
08/12/23 10:24:10;Rue Gustave Flaubert, Grenoble;45.172966;5.731069;;ARRET;0;
08/12/23 10:24:14;Rue Gustave Flaubert, Grenoble;45.172966;5.73107;;COLLECTE;2;
08/12/23 10:24:25;Rue Gustave Flaubert, Grenoble;45.172974;5.731054;;ARRET;0;
08/12/23 10:24:27;Rue Gustave Flaubert, Grenoble;45.172974;5.731054;;ARRET;26;
08/12/23 10:24:37;Rue Gustave Flaubert, Grenoble;45.172916;5.731374;13.0;HAUT LE PIED;5;
08/12/23 10:24:42;Rue Gustave Flaubert, Grenoble;45.172901;5.73143;;ARRET;1;
08/12/23 10:24:53;Rue Gustave Flaubert, Grenoble;45.172897;5.731447;;COLLECTE;0;
08/12/23 10:24:53;Rue Gustave Flaubert, Grenoble;45.172897;5.731447;;COLLECTE;2;
08/12/23 10:25:08;Rue Gustave Flaubert, Grenoble;45.172905;5.73147;0.0;COLLECTE;0;
08/12/23 10:25:09;Rue Gustave Flaubert, Grenoble;45.172905;5.73147;;COLLECTE;0;
08/12/23 10:25:11;Rue Gustave Flaubert, Grenoble;45.172901;5.73147;;ARRET;1;
08/12/23 10:25:15;Rue Gustave Flaubert, Grenoble;45.172897;5.731474;;ARRET;26;
08/12/23 10:25:22;Rue Gustave Flaubert, Grenoble;45.172829;5.731791;16.0;HAUT LE PIED;16;
08/12/23 10:25:26;Avenue Marcelin Berthelot, Grenoble;45.172771;5.731978;11.0;HAUT LE PIED;10;
08/12/23 10:25:29;Avenue Marcelin Berthelot, Grenoble;45.172684;5.732028;15.0;HAUT LE PIED;130;
08/12/23 10:25:59;Avenue Marcelin Berthelot, Grenoble;45.171516;5.731977;;ARRET;1;
08/12/23 10:26:00;Avenue Marcelin Berthelot, Grenoble;45.171516;5.73197;0.0;ARRET;1;
08/12/23 10:26:16;Avenue Marcelin Berthelot, Grenoble;45.17152;5.731975;;COLLECTE;0;
08/12/23 10:26:28;Avenue Marcelin Berthelot, Grenoble;45.171516;5.731973;;ARRET;0;
08/12/23 10:26:35;Avenue Marcelin Berthelot, Grenoble;45.171516;5.731973;;COLLECTE;1;
08/12/23 10:26:47;Avenue Marcelin Berthelot, Grenoble;45.171528;5.731969;;ARRET;1;
08/12/23 10:26:55;Avenue Marcelin Berthelot, Grenoble;45.171535;5.731967;;ARRET;28;
08/12/23 10:27:12;Inconnu, Grenoble;45.171284;5.731984;11.0;HAUT LE PIED;55;
08/12/23 10:27:22;Inconnu, Grenoble;45.170792;5.732028;12.0;HAUT LE PIED;7;
08/12/23 10:27:28;Avenue Marcelin Berthelot, Grenoble;45.170746;5.73208;;ARRET;0;
08/12/23 10:27:29;Avenue Marcelin Berthelot, Grenoble;45.170742;5.732079;;MARCHE ARRIERE;8;
08/12/23 10:27:40;Inconnu, Grenoble;45.170807;5.732052;;ARRET;3;
08/12/23 10:27:47;Avenue Marcelin Berthelot, Grenoble;45.170807;5.732086;;COLLECTE;1;
08/12/23 10:27:53;Avenue Marcelin Berthelot, Grenoble;45.170799;5.732088;0.0;COLLECTE;0;
08/12/23 10:27:55;Avenue Marcelin Berthelot, Grenoble;45.170799;5.732088;;ARRET;0;
08/12/23 10:28:00;Avenue Marcelin Berthelot, Grenoble;45.170799;5.732088;;COLLECTE;0;
08/12/23 10:28:18;Avenue Marcelin Berthelot, Grenoble;45.170799;5.732089;;ARRET;0;
08/12/23 10:28:28;Avenue Marcelin Berthelot, Grenoble;45.170799;5.732088;;COLLECTE;0;
08/12/23 10:28:36;Avenue Marcelin Berthelot, Grenoble;45.170799;5.732087;;ARRET;0;
08/12/23 10:28:44;Avenue Marcelin Berthelot, Grenoble;45.170799;5.732087;;COLLECTE;0;
08/12/23 10:28:44;Avenue Marcelin Berthelot, Grenoble;45.170799;5.732087;;COLLECTE;0;
08/12/23 10:28:50;Avenue Marcelin Berthelot, Grenoble;45.170795;5.732086;;COLLECTE;0;
08/12/23 10:28:52;Avenue Marcelin Berthelot, Grenoble;45.170795;5.732086;;ARRET;0;
08/12/23 10:29:02;Avenue Marcelin Berthelot, Grenoble;45.170795;5.732085;;COLLECTE;0;
08/12/23 10:29:03;Avenue Marcelin Berthelot, Grenoble;45.170795;5.732085;;COLLECTE;0;
08/12/23 10:29:12;Avenue Marcelin Berthelot, Grenoble;45.170795;5.732086;;COLLECTE;0;
08/12/23 10:29:12;Avenue Marcelin Berthelot, Grenoble;45.170795;5.732086;;ARRET;0;
08/12/23 10:29:20;Avenue Marcelin Berthelot, Grenoble;45.170795;5.732086;;COLLECTE;0;
08/12/23 10:29:26;Avenue Marcelin Berthelot, Grenoble;45.170795;5.732085;;ARRET;0;
08/12/23 10:29:35;Avenue Marcelin Berthelot, Grenoble;45.170795;5.732086;;ARRET;26;
08/12/23 10:29:47;Inconnu, Grenoble;45.170563;5.73209;21.0;HAUT LE PIED;105;
08/12/23 10:30:07;Avenue Marcelin Berthelot, Grenoble;45.169621;5.732081;;ARRET;2;
08/12/23 10:30:18;Avenue Marcelin Berthelot, Grenoble;45.169636;5.732083;0.0;ARRET;0;
08/12/23 10:30:20;Avenue Marcelin Berthelot, Grenoble;45.169632;5.732083;;COLLECTE;0;
08/12/23 10:30:22;Avenue Marcelin Berthelot, Grenoble;45.169632;5.732083;;COLLECTE;0;
08/12/23 10:30:26;Avenue Marcelin Berthelot, Grenoble;45.169632;5.732083;;COLLECTE;0;
08/12/23 10:30:35;Avenue Marcelin Berthelot, Grenoble;45.169632;5.732083;;ARRET;2;
08/12/23 10:30:41;Avenue Marcelin Berthelot, Grenoble;45.16964;5.732062;;COLLECTE;1;
08/12/23 10:30:47;Avenue Marcelin Berthelot, Grenoble;45.169643;5.73205;;COLLECTE;0;
08/12/23 10:30:47;Avenue Marcelin Berthelot, Grenoble;45.169643;5.73205;;COLLECTE;1;
08/12/23 10:30:57;Avenue Marcelin Berthelot, Grenoble;45.16964;5.732062;;ARRET;0;
08/12/23 10:31:02;Avenue Marcelin Berthelot, Grenoble;45.16964;5.732062;;COLLECTE;0;
08/12/23 10:31:09;Avenue Marcelin Berthelot, Grenoble;45.169636;5.732061;;ARRET;1;
08/12/23 10:31:11;Avenue Marcelin Berthelot, Grenoble;45.169636;5.732052;;COLLECTE;1;
08/12/23 10:31:17;Avenue Marcelin Berthelot, Grenoble;45.169636;5.732041;;ARRET;26;
08/12/23 10:31:45;Avenue Marcelin Berthelot, Grenoble;45.169399;5.732037;23.0;HAUT LE PIED;23;
08/12/23 10:31:49;Inconnu, Grenoble;45.169189;5.732014;21.0;HAUT LE PIED;8;
08/12/23 10:32:19;Avenue Marcelin Berthelot, Grenoble;45.169136;5.731952;0.0;ARRET;27;
08/12/23 10:33:59;Rue des Alliés, Grenoble;45.169128;5.731603;23.0;HAUT LE PIED;103;
08/12/23 10:34:10;Inconnu, Grenoble;45.169579;5.73045;34.0;HAUT LE PIED;224;
08/12/23 10:34:41;Rue des Alliés, Grenoble;45.170494;5.727903;0.0;ARRET;30;
08/12/23 10:34:56;Rue Gustave Flaubert, Grenoble;45.170628;5.727574;26.0;HAUT LE PIED;272;
08/12/23 10:35:28;Rue de Stalingrad, Grenoble;45.171799;5.724525;0.0;ARRET;26;
08/12/23 10:35:37;Rue de Stalingrad, Grenoble;45.172035;5.724504;10.0;HAUT LE PIED;19;
08/12/23 10:36:08;Rue de Stalingrad, Grenoble;45.172184;5.724625;0.0;ARRET;25;
08/12/23 10:38:32;Rue de Stalingrad, Grenoble;45.172413;5.724625;18.0;HAUT LE PIED;54;
08/12/23 10:38:46;Eugène Sue, Grenoble;45.172874;5.724849;17.0;HAUT LE PIED;127;
08/12/23 10:39:06;Rue Prosper Mérimée, Grenoble;45.173988;5.725172;12.0;HAUT LE PIED;27;
08/12/23 10:39:25;Rue de Stalingrad, Grenoble;45.174213;5.725288;18.0;HAUT LE PIED;36;
08/12/23 10:39:31;Rue Edmond About, Grenoble;45.174515;5.725449;17.0;HAUT LE PIED;15;
08/12/23 10:40:02;Rue de Stalingrad, Grenoble;45.174629;5.725557;0.0;ARRET;0;
08/12/23 10:40:20;Rue de Stalingrad, Grenoble;45.174629;5.725558;;COLLECTE;0;
08/12/23 10:40:26;Rue de Stalingrad, Grenoble;45.174629;5.725557;;ARRET;0;
08/12/23 10:40:36;Rue de Stalingrad, Grenoble;45.174629;5.725557;;ARRET;30;
08/12/23 10:40:46;Rue de Stalingrad, Grenoble;45.174885;5.725659;20.0;HAUT LE PIED;36;
08/12/23 10:40:56;Rue de Stalingrad, Grenoble;45.175205;5.725746;;ARRET;5;
08/12/23 10:41:05;Rue Émile Zola, Grenoble;45.175243;5.725777;;COLLECTE;1;
08/12/23 10:41:12;Rue Émile Zola, Grenoble;45.175251;5.725784;;ARRET;0;
08/12/23 10:41:17;Rue Émile Zola, Grenoble;45.175255;5.725785;0.0;ARRET;3;
08/12/23 10:41:22;Rue Émile Zola, Grenoble;45.175274;5.725803;;ARRET;30;
08/12/23 10:41:31;Rue Émile Zola, Grenoble;45.175167;5.726149;20.0;HAUT LE PIED;27;
08/12/23 10:41:36;Rue Pierre Bonnard, Grenoble;45.175102;5.726475;12.0;HAUT LE PIED;6;
08/12/23 10:41:42;Rue Émile Zola, Grenoble;45.175064;5.726521;;ARRET;3;
08/12/23 10:42:07;Rue Émile Zola, Grenoble;45.175037;5.726511;0.0;ARRET;0;
08/12/23 10:42:13;Rue Émile Zola, Grenoble;45.175037;5.726511;;COLLECTE;0;
08/12/23 10:42:21;Rue Émile Zola, Grenoble;45.175037;5.726511;;ARRET;0;
08/12/23 10:42:31;Rue Émile Zola, Grenoble;45.175037;5.726512;;COLLECTE;0;
08/12/23 10:42:39;Rue Émile Zola, Grenoble;45.175037;5.726512;;ARRET;0;
08/12/23 10:42:43;Rue Émile Zola, Grenoble;45.175037;5.726512;;ARRET;27;
08/12/23 10:42:52;Rue Émile Zola, Grenoble;45.174965;5.726844;18.0;HAUT LE PIED;33;
08/12/23 10:43:16;Rue Émile Zola, Grenoble;45.174847;5.727236;;COLLECTE;0;
08/12/23 10:43:22;Rue Émile Zola, Grenoble;45.174847;5.727236;;ARRET;0;
08/12/23 10:43:23;Rue Émile Zola, Grenoble;45.174847;5.727236;0.0;ARRET;10;
08/12/23 10:43:35;Rue Émile Zola, Grenoble;45.174816;5.727354;;COLLECTE;1;
08/12/23 10:43:43;Rue Émile Zola, Grenoble;45.174812;5.727349;;ARRET;18;
08/12/23 10:43:51;Rue Émile Zola, Grenoble;45.174751;5.727556;17.0;HAUT LE PIED;73;
08/12/23 10:44:10;Rue Émile Zola, Grenoble;45.17453;5.728435;;ARRET;4;
08/12/23 10:44:22;Rue Émile Zola, Grenoble;45.174496;5.728429;0.0;ARRET;0;
08/12/23 10:44:28;Rue Émile Zola, Grenoble;45.174496;5.728429;;COLLECTE;0;
08/12/23 10:44:29;Rue Émile Zola, Grenoble;45.174496;5.728429;;COLLECTE;0;
08/12/23 10:44:35;Rue Émile Zola, Grenoble;45.174496;5.72843;;COLLECTE;0;
08/12/23 10:44:36;Rue Émile Zola, Grenoble;45.174496;5.72843;;ARRET;0;
08/12/23 10:44:40;Rue Émile Zola, Grenoble;45.174496;5.72843;;COLLECTE;0;
08/12/23 10:44:46;Rue Émile Zola, Grenoble;45.174496;5.72843;;ARRET;0;
08/12/23 10:45:04;Rue Émile Zola, Grenoble;45.174496;5.728431;;COLLECTE;0;
08/12/23 10:45:07;Rue Émile Zola, Grenoble;45.174496;5.728431;;COLLECTE;0;
08/12/23 10:45:10;Rue Émile Zola, Grenoble;45.174496;5.728431;;COLLECTE;1;
08/12/23 10:45:12;Rue Émile Zola, Grenoble;45.174492;5.728446;;ARRET;1;
08/12/23 10:45:20;Rue Émile Zola, Grenoble;45.174484;5.728447;;COLLECTE;1;
08/12/23 10:45:25;Rue Émile Zola, Grenoble;45.174477;5.728451;;ARRET;0;
08/12/23 10:45:29;Rue Émile Zola, Grenoble;45.174477;5.728447;;ARRET;21;
08/12/23 10:45:55;Rue Émile Zola, Grenoble;45.174419;5.728702;;ARRET;0;
08/12/23 10:46:06;Rue Émile Zola, Grenoble;45.174416;5.7287;;COLLECTE;0;
08/12/23 10:46:10;Rue Émile Zola, Grenoble;45.174416;5.7287;;COLLECTE;0;
08/12/23 10:46:14;Rue Émile Zola, Grenoble;45.174416;5.7287;;COLLECTE;0;
08/12/23 10:46:16;Rue Émile Zola, Grenoble;45.174416;5.7287;;ARRET;0;
08/12/23 10:46:22;Rue Émile Zola, Grenoble;45.174416;5.7287;;ARRET;4;
08/12/23 10:46:25;Rue Émile Zola, Grenoble;45.174408;5.728751;11.0;HAUT LE PIED;15;
08/12/23 10:46:31;Rue Émile Zola, Grenoble;45.174385;5.728937;;ARRET;3;
08/12/23 10:46:37;Rue Émile Zola, Grenoble;45.174393;5.728969;;COLLECTE;1;
08/12/23 10:46:43;Rue Émile Zola, Grenoble;45.174389;5.728981;;COLLECTE;0;
08/12/23 10:46:43;Rue Émile Zola, Grenoble;45.174389;5.728981;;ARRET;12;
08/12/23 10:46:55;Rue Émile Zola, Grenoble;45.174362;5.729133;11.0;HAUT LE PIED;14;
08/12/23 10:46:59;Rue Émile Zola, Grenoble;45.174347;5.729311;11.0;HAUT LE PIED;15;
08/12/23 10:47:02;Rue Docteur Bordier, Grenoble;45.174477;5.729381;17.0;HAUT LE PIED;26;
08/12/23 10:47:20;Rue Docteur Bordier, Grenoble;45.174709;5.729447;;ARRET;0;
08/12/23 10:47:20;Rue Docteur Bordier, Grenoble;45.174709;5.729447;;COLLECTE;0;
08/12/23 10:47:26;Rue Docteur Bordier, Grenoble;45.174709;5.729445;;COLLECTE;0;
08/12/23 10:47:26;Rue Docteur Bordier, Grenoble;45.174709;5.729445;;ARRET;5;
08/12/23 10:47:33;Rue Docteur Bordier, Grenoble;45.174755;5.729453;9.0;HAUT LE PIED;15;
08/12/23 10:47:45;Rue Docteur Bordier, Grenoble;45.174889;5.729477;;ARRET;0;
08/12/23 10:47:47;Rue Docteur Bordier, Grenoble;45.174885;5.729475;;COLLECTE;0;
08/12/23 10:47:53;Rue Docteur Bordier, Grenoble;45.174881;5.729475;;ARRET;20;
08/12/23 10:48:04;Rue Docteur Bordier, Grenoble;45.17506;5.729535;0.0;ARRET;1;
08/12/23 10:48:07;Rue des Charmilles, Grenoble;45.175056;5.729531;;COLLECTE;0;
08/12/23 10:48:16;Rue Docteur Bordier, Grenoble;45.175053;5.729529;;ARRET;2;
08/12/23 10:48:27;Rue Docteur Bordier, Grenoble;45.175068;5.729515;;ARRET;24;
08/12/23 10:48:36;Rue des Charmilles, Grenoble;45.175129;5.729221;15.0;HAUT LE PIED;22;
08/12/23 10:48:45;Rue des Charmilles, Grenoble;45.175175;5.728953;;ARRET;0;
08/12/23 10:48:47;Rue des Charmilles, Grenoble;45.175175;5.728951;;COLLECTE;1;
08/12/23 10:48:53;Rue des Charmilles, Grenoble;45.175179;5.728946;;ARRET;1;
08/12/23 10:49:01;Rue des Charmilles, Grenoble;45.175186;5.728957;;COLLECTE;1;
08/12/23 10:49:07;Rue des Charmilles, Grenoble;45.17519;5.728962;0.0;COLLECTE;0;
08/12/23 10:49:14;Rue des Charmilles, Grenoble;45.17519;5.728963;;ARRET;0;
08/12/23 10:49:29;Rue des Charmilles, Grenoble;45.17519;5.728962;;COLLECTE;0;
08/12/23 10:49:39;Rue des Charmilles, Grenoble;45.17519;5.728962;;ARRET;1;
08/12/23 10:49:45;Rue des Charmilles, Grenoble;45.175198;5.728951;;ARRET;28;
08/12/23 10:49:55;Rue des Charmilles, Grenoble;45.175327;5.72865;13.0;HAUT LE PIED;5;
08/12/23 10:50:02;Rue des Charmilles, Grenoble;45.175339;5.728595;;ARRET;3;
08/12/23 10:50:13;Rue des Charmilles, Grenoble;45.175362;5.728599;;COLLECTE;0;
08/12/23 10:50:15;Rue des Charmilles, Grenoble;45.175362;5.728599;;COLLECTE;0;
08/12/23 10:50:18;Rue des Charmilles, Grenoble;45.175362;5.728599;;COLLECTE;0;
08/12/23 10:50:21;Rue des Charmilles, Grenoble;45.175362;5.728599;;ARRET;0;
08/12/23 10:50:26;Rue des Charmilles, Grenoble;45.175362;5.728599;0.0;ARRET;0;
08/12/23 10:50:27;Rue des Charmilles, Grenoble;45.175362;5.728599;;COLLECTE;0;
08/12/23 10:50:33;Rue des Charmilles, Grenoble;45.175362;5.728599;;ARRET;0;
08/12/23 10:50:40;Rue des Charmilles, Grenoble;45.175362;5.728599;;ARRET;2;
08/12/23 10:50:48;Rue des Charmilles, Grenoble;45.175365;5.728575;;ARRET;0;
08/12/23 10:50:49;Rue des Charmilles, Grenoble;45.175365;5.728576;;COLLECTE;1;
08/12/23 10:50:55;Rue des Charmilles, Grenoble;45.175373;5.728577;;ARRET;0;
08/12/23 10:50:56;Rue des Charmilles, Grenoble;45.175373;5.728577;;ARRET;26;
08/12/23 10:51:12;Rue des Charmilles, Grenoble;45.175442;5.728257;9.0;HAUT LE PIED;5;
08/12/23 10:51:18;Rue des Charmilles, Grenoble;45.175449;5.728193;;ARRET;2;
08/12/23 10:51:27;Rue des Charmilles, Grenoble;45.175438;5.728175;;COLLECTE;1;
08/12/23 10:51:37;Rue des Charmilles, Grenoble;45.17543;5.728168;;ARRET;0;
08/12/23 10:51:38;Rue des Charmilles, Grenoble;45.17543;5.728168;;ARRET;3;
08/12/23 10:51:43;Rue des Charmilles, Grenoble;45.175426;5.728132;0.0;ARRET;29;
08/12/23 10:51:48;Rue des Charmilles, Grenoble;45.175522;5.727789;24.0;HAUT LE PIED;89;
08/12/23 10:52:01;Rue des Charmilles, Grenoble;45.175808;5.726732;13.0;HAUT LE PIED;7;
08/12/23 10:52:06;Rue des Charmilles, Grenoble;45.175835;5.726647;;ARRET;3;
08/12/23 10:52:20;Rue des Charmilles, Grenoble;45.175861;5.72663;;COLLECTE;2;
08/12/23 10:52:28;Rue des Charmilles, Grenoble;45.17588;5.726638;;ARRET;1;
08/12/23 10:52:32;Rue des Charmilles, Grenoble;45.175877;5.726631;0.0;ARRET;1;
08/12/23 10:52:35;Rue des Charmilles, Grenoble;45.175877;5.726624;;COLLECTE;1;
08/12/23 10:52:44;Rue des Charmilles, Grenoble;45.175869;5.726614;;ARRET;2;
08/12/23 10:52:58;Rue des Charmilles, Grenoble;45.17588;5.726592;;COLLECTE;1;
08/12/23 10:53:07;Rue des Charmilles, Grenoble;45.175892;5.726592;;ARRET;0;
08/12/23 10:53:08;Rue des Charmilles, Grenoble;45.175892;5.726593;;ARRET;25;
08/12/23 10:53:20;Rue des Charmilles, Grenoble;45.175957;5.726289;23.0;HAUT LE PIED;15;
08/12/23 10:53:23;Rue de Stalingrad, Grenoble;45.175995;5.7261;16.0;HAUT LE PIED;7;
08/12/23 10:53:26;Rue de Stalingrad, Grenoble;45.17606;5.726099;13.0;HAUT LE PIED;12;
08/12/23 10:53:29;Capuche, Grenoble;45.176147;5.726185;18.0;HAUT LE PIED;26;
08/12/23 10:53:40;Rue de Stalingrad, Grenoble;45.176353;5.726334;;ARRET;2;
08/12/23 10:53:49;Rue de Stalingrad, Grenoble;45.176331;5.72633;;COLLECTE;3;
08/12/23 10:53:55;Rue de Stalingrad, Grenoble;45.176308;5.726316;;ARRET;0;
08/12/23 10:53:55;Rue de Stalingrad, Grenoble;45.176308;5.726316;;COLLECTE;1;
08/12/23 10:54:00;Rue de Stalingrad, Grenoble;45.176315;5.726328;0.0;COLLECTE;0;
08/12/23 10:54:01;Rue de Stalingrad, Grenoble;45.176315;5.726328;;ARRET;1;
08/12/23 10:54:04;Rue de Stalingrad, Grenoble;45.176319;5.726321;;ARRET;26;
08/12/23 10:54:14;Rue des Déportés du 11 Novembre 1943, Grenoble;45.176533;5.726454;19.0;HAUT LE PIED;17;
08/12/23 10:54:17;Rue Montesquieu, Grenoble;45.176678;5.726539;14.0;HAUT LE PIED;10;
08/12/23 10:54:20;Rue Montesquieu, Grenoble;45.176685;5.726667;13.0;HAUT LE PIED;51;
08/12/23 10:54:35;Rue Montesquieu, Grenoble;45.176502;5.727261;;ARRET;2;
08/12/23 10:54:42;Rue Montesquieu, Grenoble;45.176487;5.727262;;COLLECTE;0;
08/12/23 10:54:49;Rue Montesquieu, Grenoble;45.176483;5.727264;;ARRET;0;
08/12/23 10:54:50;Rue Montesquieu, Grenoble;45.176483;5.727265;0.0;ARRET;0;
08/12/23 10:54:52;Rue Montesquieu, Grenoble;45.176483;5.727266;;COLLECTE;0;
08/12/23 10:55:02;Rue Montesquieu, Grenoble;45.176483;5.727266;;ARRET;2;
08/12/23 10:55:07;Rue Montesquieu, Grenoble;45.176476;5.727294;;ARRET;26;
08/12/23 10:55:14;Rue Montesquieu, Grenoble;45.176399;5.727607;20.0;HAUT LE PIED;46;
08/12/23 10:55:25;Rue Montesquieu, Grenoble;45.176258;5.72816;;ARRET;2;
08/12/23 10:55:33;Rue Montesquieu, Grenoble;45.17625;5.72818;;COLLECTE;2;
08/12/23 10:55:41;Rue Montesquieu, Grenoble;45.176258;5.7282;;ARRET;2;
08/12/23 10:55:45;Rue Montesquieu, Grenoble;45.176258;5.72823;0.0;ARRET;0;
08/12/23 10:55:49;Rue Montesquieu, Grenoble;45.176258;5.728226;;COLLECTE;0;
08/12/23 10:55:53;Rue Montesquieu, Grenoble;45.176254;5.728225;;COLLECTE;0;
08/12/23 10:55:55;Rue Montesquieu, Grenoble;45.176254;5.728226;;COLLECTE;0;
08/12/23 10:55:59;Rue Montesquieu, Grenoble;45.17625;5.728228;;ARRET;0;
08/12/23 10:56:02;Rue Montesquieu, Grenoble;45.17625;5.728228;;ARRET;23;
08/12/23 10:56:29;Rue Montesquieu, Grenoble;45.176151;5.728481;;ARRET;0;
08/12/23 10:56:29;Rue Montesquieu, Grenoble;45.176151;5.728481;;COLLECTE;0;
08/12/23 10:56:35;Rue Montesquieu, Grenoble;45.176151;5.728484;;COLLECTE;0;
08/12/23 10:56:35;Rue Montesquieu, Grenoble;45.176151;5.728484;;ARRET;3;
08/12/23 10:56:43;Rue Montesquieu, Grenoble;45.176144;5.72852;8.0;HAUT LE PIED;60;
08/12/23 10:57:00;Rue Montesquieu, Grenoble;45.175896;5.729198;;ARRET;1;
08/12/23 10:57:10;Rue Montesquieu, Grenoble;45.175888;5.72919;;COLLECTE;0;
08/12/23 10:57:11;Rue Montesquieu, Grenoble;45.175888;5.72919;;COLLECTE;0;
08/12/23 10:57:14;Rue Montesquieu, Grenoble;45.175888;5.72919;0.0;COLLECTE;0;
08/12/23 10:57:16;Rue Montesquieu, Grenoble;45.175888;5.72919;;COLLECTE;0;
08/12/23 10:57:17;Rue Montesquieu, Grenoble;45.175888;5.72919;;ARRET;2;
08/12/23 10:57:24;Rue Montesquieu, Grenoble;45.1759;5.729175;;COLLECTE;5;
08/12/23 10:57:36;Rue Montesquieu, Grenoble;45.1759;5.729236;;ARRET;2;
08/12/23 10:57:48;Rue Montesquieu, Grenoble;45.175884;5.729237;;COLLECTE;0;
08/12/23 10:57:49;Rue Montesquieu, Grenoble;45.17588;5.729237;;COLLECTE;1;
08/12/23 10:57:54;Rue Montesquieu, Grenoble;45.175877;5.729249;;COLLECTE;0;
08/12/23 10:57:55;Rue Montesquieu, Grenoble;45.175877;5.729249;;ARRET;2;
08/12/23 10:58:06;Rue Montesquieu, Grenoble;45.175877;5.72927;;ARRET;19;
08/12/23 10:58:20;Rue Montesquieu, Grenoble;45.175804;5.729492;9.0;HAUT LE PIED;24;
08/12/23 10:58:28;Rue Docteur Bordier, Grenoble;45.175735;5.729777;9.0;HAUT LE PIED;9;
08/12/23 10:58:31;Rue Docteur Bordier, Grenoble;45.175793;5.729854;13.0;HAUT LE PIED;10;
08/12/23 10:58:37;Rue Docteur Bordier, Grenoble;45.17588;5.729857;;ARRET;1;
08/12/23 10:58:39;Rue Docteur Bordier, Grenoble;45.175892;5.729862;;MARCHE ARRIERE;8;
08/12/23 10:58:52;Rue Docteur Bordier, Grenoble;45.175823;5.729852;;ARRET;2;
08/12/23 10:59:01;Rue Docteur Bordier, Grenoble;45.175842;5.729844;0.0;ARRET;0;
08/12/23 10:59:09;Rue Docteur Bordier, Grenoble;45.175842;5.729844;;COLLECTE;0;
08/12/23 10:59:13;Rue Docteur Bordier, Grenoble;45.175842;5.729844;;COLLECTE;0;
08/12/23 10:59:16;Rue Docteur Bordier, Grenoble;45.175842;5.729845;;COLLECTE;0;
08/12/23 10:59:19;Rue Docteur Bordier, Grenoble;45.175842;5.729845;;ARRET;0;
08/12/23 10:59:24;Rue Docteur Bordier, Grenoble;45.175842;5.729845;;COLLECTE;0;
08/12/23 10:59:27;Rue Docteur Bordier, Grenoble;45.175842;5.729845;;COLLECTE;0;
08/12/23 10:59:32;Rue Docteur Bordier, Grenoble;45.175842;5.729845;;COLLECTE;0;
08/12/23 10:59:33;Rue Docteur Bordier, Grenoble;45.175842;5.729845;;ARRET;0;
08/12/23 10:59:40;Rue Docteur Bordier, Grenoble;45.175842;5.729845;;COLLECTE;0;
08/12/23 10:59:45;Rue Docteur Bordier, Grenoble;45.175842;5.729845;;ARRET;16;
08/12/23 10:59:59;Rue Docteur Bordier, Grenoble;45.17598;5.729887;;COLLECTE;2;
08/12/23 11:00:05;Rue Docteur Bordier, Grenoble;45.175961;5.729877;;ARRET;1;
08/12/23 11:00:07;Rue Docteur Bordier, Grenoble;45.175953;5.729874;;ARRET;16;
08/12/23 11:00:13;Rue Docteur Bordier, Grenoble;45.17609;5.729922;17.0;HAUT LE PIED;18;
08/12/23 11:00:16;Inconnu, Grenoble;45.17625;5.72987;18.0;HAUT LE PIED;14;
08/12/23 11:00:19;Rue Édouard Vaillant, Grenoble;45.176304;5.729703;18.0;HAUT LE PIED;16;
08/12/23 11:00:26;Rue Édouard Vaillant, Grenoble;45.176342;5.729506;;ARRET;1;
08/12/23 11:00:34;Rue Édouard Vaillant, Grenoble;45.176353;5.729501;;COLLECTE;1;
08/12/23 11:00:40;Rue Édouard Vaillant, Grenoble;45.176361;5.729497;;ARRET;5;
08/12/23 11:00:50;Rue Édouard Vaillant, Grenoble;45.176403;5.729505;0.0;ARRET;19;
08/12/23 11:01:08;Rue Édouard Vaillant, Grenoble;45.176449;5.729276;;COLLECTE;2;
08/12/23 11:01:17;Rue Édouard Vaillant, Grenoble;45.176449;5.729251;;ARRET;2;
08/12/23 11:01:27;Rue Édouard Vaillant, Grenoble;45.176464;5.72924;;COLLECTE;2;
08/12/23 11:01:36;Rue Édouard Vaillant, Grenoble;45.176445;5.729235;;ARRET;1;
08/12/23 11:01:41;Rue Édouard Vaillant, Grenoble;45.176434;5.729234;;COLLECTE;0;
08/12/23 11:01:47;Rue Édouard Vaillant, Grenoble;45.176434;5.729229;;ARRET;1;
08/12/23 11:01:51;Rue Édouard Vaillant, Grenoble;45.176441;5.729223;;ARRET;3;
08/12/23 11:01:58;Rue Édouard Vaillant, Grenoble;45.176441;5.729185;9.0;HAUT LE PIED;16;
08/12/23 11:02:23;Rue Édouard Vaillant, Grenoble;45.176506;5.729007;;ARRET;0;
08/12/23 11:02:23;Rue Édouard Vaillant, Grenoble;45.176506;5.729007;;COLLECTE;1;
08/12/23 11:02:28;Rue Édouard Vaillant, Grenoble;45.176502;5.729015;0.0;COLLECTE;0;
08/12/23 11:02:30;Rue Édouard Vaillant, Grenoble;45.176506;5.729014;;COLLECTE;0;
08/12/23 11:02:30;Rue Édouard Vaillant, Grenoble;45.176506;5.729014;;ARRET;25;
08/12/23 11:02:42;Rue Édouard Vaillant, Grenoble;45.176601;5.728725;12.0;HAUT LE PIED;4;
08/12/23 11:02:47;Inconnu, Grenoble;45.176617;5.728678;;ARRET;2;
08/12/23 11:02:56;Inconnu, Grenoble;45.176632;5.728701;;COLLECTE;1;
08/12/23 11:03:00;Inconnu, Grenoble;45.17664;5.728707;;COLLECTE;3;
08/12/23 11:03:04;Inconnu, Grenoble;45.176617;5.728723;;COLLECTE;1;
08/12/23 11:03:06;Inconnu, Grenoble;45.17662;5.728728;;ARRET;1;
08/12/23 11:03:13;Inconnu, Grenoble;45.176613;5.728722;0.0;ARRET;0;
08/12/23 11:03:14;Inconnu, Grenoble;45.176613;5.728722;;ARRET;26;
08/12/23 11:03:35;Rue Édouard Vaillant, Grenoble;45.176678;5.72841;;ARRET;0;
08/12/23 11:03:35;Rue Édouard Vaillant, Grenoble;45.176678;5.72841;;COLLECTE;0;
08/12/23 11:03:41;Rue Édouard Vaillant, Grenoble;45.176678;5.728409;;COLLECTE;0;
08/12/23 11:03:41;Rue Édouard Vaillant, Grenoble;45.176678;5.728409;;ARRET;2;
08/12/23 11:03:48;Rue Édouard Vaillant, Grenoble;45.176685;5.728388;7.0;HAUT LE PIED;43;
08/12/23 11:04:18;Rue Édouard Vaillant, Grenoble;45.176785;5.72786;0.0;ARRET;0;
08/12/23 11:04:19;Rue Édouard Vaillant, Grenoble;45.176785;5.72786;;ARRET;0;
08/12/23 11:04:20;Rue Édouard Vaillant, Grenoble;45.176785;5.72786;;COLLECTE;0;
08/12/23 11:04:29;Rue Édouard Vaillant, Grenoble;45.176788;5.72786;;COLLECTE;0;
08/12/23 11:04:29;Rue Édouard Vaillant, Grenoble;45.176788;5.72786;;ARRET;24;
08/12/23 11:04:46;Rue Édouard Vaillant, Grenoble;45.176834;5.727555;;ARRET;4;
08/12/23 11:05:06;Inconnu, Grenoble;45.176861;5.727531;;COLLECTE;3;
08/12/23 11:05:16;Rue Édouard Vaillant, Grenoble;45.176838;5.727553;;ARRET;1;
08/12/23 11:05:20;Rue Édouard Vaillant, Grenoble;45.176846;5.727542;6.0;HAUT LE PIED;16;
08/12/23 11:05:36;Inconnu, Grenoble;45.176918;5.727372;;COLLECTE;0;
08/12/23 11:05:40;Inconnu, Grenoble;45.176914;5.727372;;COLLECTE;0;
08/12/23 11:05:44;Inconnu, Grenoble;45.176914;5.727372;;COLLECTE;0;
08/12/23 11:05:46;Inconnu, Grenoble;45.176914;5.727373;;ARRET;0;
08/12/23 11:05:51;Inconnu, Grenoble;45.176914;5.727373;0.0;ARRET;0;
08/12/23 11:05:54;Inconnu, Grenoble;45.176914;5.727373;;COLLECTE;0;
08/12/23 11:05:55;Inconnu, Grenoble;45.176914;5.727373;;COLLECTE;0;
08/12/23 11:06:00;Inconnu, Grenoble;45.176914;5.727373;;COLLECTE;0;
08/12/23 11:06:02;Inconnu, Grenoble;45.176914;5.727373;;ARRET;0;
08/12/23 11:06:14;Inconnu, Grenoble;45.176914;5.727373;;COLLECTE;0;
08/12/23 11:06:24;Inconnu, Grenoble;45.176914;5.727369;;ARRET;0;
08/12/23 11:06:31;Inconnu, Grenoble;45.176914;5.727373;;COLLECTE;1;
08/12/23 11:06:41;Inconnu, Grenoble;45.176903;5.727379;;ARRET;0;
08/12/23 11:06:42;Inconnu, Grenoble;45.176903;5.727377;;ARRET;30;
08/12/23 11:06:52;Rue Édouard Vaillant, Grenoble;45.17701;5.727029;16.0;HAUT LE PIED;12;
08/12/23 11:06:55;Rue des Déportés du 11 Novembre 1943, Grenoble;45.177097;5.726935;10.0;HAUT LE PIED;14;
08/12/23 11:06:58;Rue des Déportés du 11 Novembre 1943, Grenoble;45.177219;5.726979;22.0;HAUT LE PIED;99;
08/12/23 11:07:28;Rue Paul Bourget, Grenoble;45.17799;5.727605;0.0;ARRET;28;
08/12/23 11:07:45;Rue Paul Bourget, Grenoble;45.177956;5.727963;13.0;HAUT LE PIED;16;
08/12/23 11:07:54;Rue Paul Bourget, Grenoble;45.177883;5.728144;;ARRET;2;
08/12/23 11:08:02;Rue Paul Bourget, Grenoble;45.177883;5.728119;;COLLECTE;3;
08/12/23 11:08:15;Rue Paul Bourget, Grenoble;45.17786;5.728095;0.0;COLLECTE;0;
08/12/23 11:08:16;Rue Paul Bourget, Grenoble;45.17786;5.728095;;ARRET;0;
08/12/23 11:08:26;Rue Paul Bourget, Grenoble;45.177856;5.728094;;COLLECTE;0;
08/12/23 11:08:36;Rue Paul Bourget, Grenoble;45.177856;5.728094;;ARRET;1;
08/12/23 11:08:44;Rue Paul Bourget, Grenoble;45.177849;5.728101;;ARRET;24;
08/12/23 11:08:56;Rue Paul Bourget, Grenoble;45.177719;5.72835;12.0;HAUT LE PIED;60;
08/12/23 11:09:08;Rue Paul Bourget, Grenoble;45.177486;5.72904;19.0;HAUT LE PIED;15;
08/12/23 11:09:15;Rue Paul Bourget, Grenoble;45.177452;5.729221;;ARRET;1;
08/12/23 11:09:26;Rue Paul Bourget, Grenoble;45.17746;5.729222;;COLLECTE;0;
08/12/23 11:09:27;Rue Paul Bourget, Grenoble;45.177456;5.729224;;COLLECTE;0;
08/12/23 11:09:33;Rue Paul Bourget, Grenoble;45.177452;5.729226;;COLLECTE;0;
08/12/23 11:09:34;Rue Paul Bourget, Grenoble;45.177452;5.729226;;ARRET;0;
08/12/23 11:09:37;Rue Paul Bourget, Grenoble;45.177452;5.729226;;ARRET;0;
08/12/23 11:09:39;Rue Paul Bourget, Grenoble;45.177452;5.729227;0.0;ARRET;27;
08/12/23 11:09:52;Inconnu, Grenoble;45.177387;5.729556;18.0;HAUT LE PIED;16;
08/12/23 11:10:01;Rue Paul Bourget, Grenoble;45.177349;5.729754;;ARRET;4;
08/12/23 11:10:22;Rue Paul Bourget, Grenoble;45.177357;5.729805;;COLLECTE;0;
08/12/23 11:10:23;Rue Paul Bourget, Grenoble;45.177357;5.729805;0.0;COLLECTE;1;
08/12/23 11:10:30;Rue Paul Bourget, Grenoble;45.177364;5.729797;;ARRET;1;
08/12/23 11:10:43;Rue Paul Bourget, Grenoble;45.177372;5.729794;;COLLECTE;1;
08/12/23 11:10:54;Rue Paul Bourget, Grenoble;45.177368;5.729789;;ARRET;0;
08/12/23 11:11:00;Rue Paul Bourget, Grenoble;45.177368;5.729788;;COLLECTE;1;
08/12/23 11:11:13;Rue Paul Bourget, Grenoble;45.177368;5.729801;;ARRET;2;
08/12/23 11:11:20;Rue Paul Bourget, Grenoble;45.177353;5.729819;;ARRET;24;
08/12/23 11:11:28;Rue Paul Bourget, Grenoble;45.177273;5.730106;11.0;HAUT LE PIED;4;
08/12/23 11:11:33;Rue Paul Bourget, Grenoble;45.177261;5.730148;;ARRET;1;
08/12/23 11:11:40;Rue Paul Bourget, Grenoble;45.177254;5.730152;;COLLECTE;0;
08/12/23 11:11:42;Rue Paul Bourget, Grenoble;45.177254;5.730154;;COLLECTE;0;
08/12/23 11:11:46;Rue Paul Bourget, Grenoble;45.177258;5.730155;;COLLECTE;0;
08/12/23 11:11:48;Rue Paul Bourget, Grenoble;45.177261;5.730155;;ARRET;2;
08/12/23 11:11:54;Rue Paul Bourget, Grenoble;45.177273;5.730135;;ARRET;13;
08/12/23 11:11:59;Rue Docteur Bordier, Grenoble;45.177235;5.730285;0.0;ARRET;18;
08/12/23 11:12:09;Rue Docteur Bordier, Grenoble;45.177315;5.730487;;ARRET;8;
08/12/23 11:12:23;Rue Docteur Bordier, Grenoble;45.177376;5.730439;;COLLECTE;0;
08/12/23 11:12:32;Rue Docteur Bordier, Grenoble;45.177376;5.730439;;ARRET;0;
08/12/23 11:12:33;Rue Docteur Bordier, Grenoble;45.177376;5.730439;;ARRET;6;
08/12/23 11:12:39;Rue Docteur Bordier, Grenoble;45.177422;5.730483;6.0;HAUT LE PIED;29;
08/12/23 11:13:00;Rue Docteur Bordier, Grenoble;45.177662;5.730615;9.0;HAUT LE PIED;8;
08/12/23 11:13:03;Rue Marcel Peretto, Grenoble;45.177708;5.730698;9.0;HAUT LE PIED;10;
08/12/23 11:13:06;Rue Marcel Peretto, Grenoble;45.177677;5.730815;12.0;HAUT LE PIED;17;
08/12/23 11:13:09;Rue Marcel Peretto, Grenoble;45.177532;5.730868;16.0;HAUT LE PIED;21;
08/12/23 11:13:18;Rue Marcel Peretto, Grenoble;45.177353;5.730931;;ARRET;1;
08/12/23 11:13:28;Rue Marcel Peretto, Grenoble;45.177357;5.730923;;COLLECTE;1;
08/12/23 11:13:38;Rue Marcel Peretto, Grenoble;45.177349;5.73092;;ARRET;1;
08/12/23 11:13:40;Rue Marcel Peretto, Grenoble;45.177345;5.730924;0.0;ARRET;0;
08/12/23 11:13:42;Rue Marcel Peretto, Grenoble;45.177345;5.730926;;ARRET;28;
08/12/23 11:13:53;Rue Marcel Peretto, Grenoble;45.177135;5.73112;18.0;HAUT LE PIED;24;
08/12/23 11:13:58;Rue Marcel Peretto, Grenoble;45.17696;5.731289;8.0;HAUT LE PIED;4;
08/12/23 11:14:03;Rue Marcel Peretto, Grenoble;45.176926;5.731308;;ARRET;2;
08/12/23 11:14:12;Rue Marcel Peretto, Grenoble;45.176914;5.731288;;COLLECTE;2;
08/12/23 11:14:21;Rue Marcel Peretto, Grenoble;45.176899;5.73129;;ARRET;2;
08/12/23 11:14:29;Rue Marcel Peretto, Grenoble;45.176895;5.731268;0.0;ARRET;1;
08/12/23 11:14:37;Rue Marcel Peretto, Grenoble;45.176903;5.731271;;COLLECTE;1;
08/12/23 11:14:45;Rue Marcel Peretto, Grenoble;45.176907;5.731287;;ARRET;0;
08/12/23 11:14:55;Rue Marcel Peretto, Grenoble;45.176907;5.731282;;ARRET;29;
08/12/23 11:15:14;Rue Marcel Peretto, Grenoble;45.176682;5.73146;14.0;HAUT LE PIED;59;
08/12/23 11:15:23;Avenue Marcelin Berthelot, Grenoble;45.176186;5.73173;25.0;HAUT LE PIED;108;
08/12/23 11:15:53;Avenue Marcelin Berthelot, Grenoble;45.175213;5.731819;26.0;HAUT LE PIED;61;
08/12/23 11:16:02;Avenue Marcelin Berthelot, Grenoble;45.174664;5.731797;12.0;HAUT LE PIED;8;
08/12/23 11:16:09;Avenue Marcelin Berthelot, Grenoble;45.174591;5.731796;;ARRET;1;
08/12/23 11:16:27;Avenue Marcelin Berthelot, Grenoble;45.174583;5.73179;;COLLECTE;0;
08/12/23 11:16:30;Avenue Marcelin Berthelot, Grenoble;45.174583;5.73179;;COLLECTE;0;
08/12/23 11:16:33;Avenue Marcelin Berthelot, Grenoble;45.174583;5.73179;;COLLECTE;0;
08/12/23 11:16:36;Avenue Marcelin Berthelot, Grenoble;45.174583;5.73179;;ARRET;0;
08/12/23 11:16:44;Avenue Marcelin Berthelot, Grenoble;45.174583;5.73179;;COLLECTE;0;
08/12/23 11:16:51;Avenue Marcelin Berthelot, Grenoble;45.174583;5.731789;;ARRET;0;
08/12/23 11:16:53;Avenue Marcelin Berthelot, Grenoble;45.174583;5.731789;;COLLECTE;0;
08/12/23 11:17:02;Avenue Marcelin Berthelot, Grenoble;45.174583;5.73179;;ARRET;0;
08/12/23 11:17:09;Avenue Marcelin Berthelot, Grenoble;45.174583;5.73179;;ARRET;30;
08/12/23 11:17:19;Avenue Marcelin Berthelot, Grenoble;45.17432;5.731865;20.0;HAUT LE PIED;51;
08/12/23 11:17:26;Avenue Marcelin Berthelot, Grenoble;45.173866;5.731844;25.0;HAUT LE PIED;14;
08/12/23 11:17:29;Avenue Marcelin Berthelot, Grenoble;45.173752;5.731757;15.0;HAUT LE PIED;11;
08/12/23 11:17:32;Rue Émile Zola, Grenoble;45.173748;5.731614;16.0;HAUT LE PIED;65;
08/12/23 11:17:48;Rue Émile Zola, Grenoble;45.173958;5.730847;;ARRET;2;
08/12/23 11:18:02;Rue Émile Zola, Grenoble;45.173962;5.73087;0.0;ARRET;0;
08/12/23 11:18:03;Rue Émile Zola, Grenoble;45.173962;5.73087;;COLLECTE;3;
08/12/23 11:18:11;Rue Émile Zola, Grenoble;45.173977;5.730901;;ARRET;0;
08/12/23 11:18:15;Rue Émile Zola, Grenoble;45.173981;5.730902;;COLLECTE;1;
08/12/23 11:18:23;Rue Émile Zola, Grenoble;45.173981;5.73091;;ARRET;1;
08/12/23 11:18:35;Rue Émile Zola, Grenoble;45.173992;5.730904;;COLLECTE;5;
08/12/23 11:18:47;Rue Émile Zola, Grenoble;45.173985;5.730835;;ARRET;22;
08/12/23 11:19:07;Rue Émile Zola, Grenoble;45.174065;5.730576;15.0;HAUT LE PIED;22;
08/12/23 11:19:33;Rue Émile Zola, Grenoble;45.174141;5.730314;;COLLECTE;0;
08/12/23 11:19:38;Rue Émile Zola, Grenoble;45.174141;5.730314;0.0;COLLECTE;0;
08/12/23 11:19:40;Rue Émile Zola, Grenoble;45.174141;5.730316;;ARRET;2;
08/12/23 11:20:15;Rue Émile Zola, Grenoble;45.174156;5.730306;;COLLECTE;0;
08/12/23 11:20:25;Rue Émile Zola, Grenoble;45.174156;5.730306;;ARRET;0;
08/12/23 11:20:30;Rue Émile Zola, Grenoble;45.174156;5.730306;;ARRET;14;
08/12/23 11:20:40;Rue Émile Zola, Grenoble;45.174183;5.730127;;ARRET;1;
08/12/23 11:20:48;Rue Émile Zola, Grenoble;45.174179;5.730132;;COLLECTE;0;
08/12/23 11:20:49;Rue Émile Zola, Grenoble;45.174179;5.730133;;COLLECTE;1;
08/12/23 11:20:55;Rue Émile Zola, Grenoble;45.174175;5.730137;;COLLECTE;0;
08/12/23 11:20:57;Rue Émile Zola, Grenoble;45.174175;5.730138;;ARRET;0;
08/12/23 11:20:58;Rue Émile Zola, Grenoble;45.174175;5.730138;;ARRET;11;
08/12/23 11:21:17;Rue Émile Zola, Grenoble;45.17421;5.730004;10.0;HAUT LE PIED;21;
08/12/23 11:21:27;Rue Émile Zola, Grenoble;45.174271;5.729747;;ARRET;0;
08/12/23 11:21:34;Rue Émile Zola, Grenoble;45.174271;5.729748;;ARRET;26;
08/12/23 11:21:47;Rue Émile Zola, Grenoble;45.174339;5.729433;;ARRET;1;
08/12/23 11:21:48;Rue Émile Zola, Grenoble;45.174335;5.729436;0.0;ARRET;0;
08/12/23 11:21:55;Rue Émile Zola, Grenoble;45.174335;5.729437;;COLLECTE;0;
08/12/23 11:22:02;Rue Émile Zola, Grenoble;45.174335;5.729438;;ARRET;0;
08/12/23 11:22:04;Rue Émile Zola, Grenoble;45.174335;5.729438;;COLLECTE;0;
08/12/23 11:22:12;Rue Émile Zola, Grenoble;45.174335;5.729438;;ARRET;0;
08/12/23 11:22:17;Rue Émile Zola, Grenoble;45.174335;5.729435;;ARRET;27;
08/12/23 11:22:39;Rue Docteur Bordier, Grenoble;45.174572;5.729349;15.0;HAUT LE PIED;215;
08/12/23 11:23:10;Rue Docteur Bordier, Grenoble;45.176453;5.730002;22.0;HAUT LE PIED;146;
08/12/23 11:23:33;Rue Docteur Bordier, Grenoble;45.177692;5.7306;15.0;HAUT LE PIED;10;
08/12/23 11:23:36;Rue Marcel Peretto, Grenoble;45.177757;5.730687;14.0;HAUT LE PIED;9;
08/12/23 11:23:39;Rue Marcel Peretto, Grenoble;45.177826;5.730632;13.0;HAUT LE PIED;13;
08/12/23 11:23:46;Rue Marcel Peretto, Grenoble;45.177925;5.730536;;ARRET;3;
08/12/23 11:24:10;Rue Marcel Peretto, Grenoble;45.177933;5.730505;;COLLECTE;1;
08/12/23 11:24:14;Rue Marcel Peretto, Grenoble;45.177929;5.730488;;ARRET;22;
08/12/23 11:24:34;Rue Marcel Peretto, Grenoble;45.178101;5.73035;;COLLECTE;2;
08/12/23 11:24:43;Rue Marcel Peretto, Grenoble;45.178112;5.730371;;ARRET;3;
08/12/23 11:24:50;Rue Marcel Peretto, Grenoble;45.178131;5.730395;;COLLECTE;4;
08/12/23 11:24:57;Rue Marcel Peretto, Grenoble;45.178158;5.730427;;ARRET;1;
08/12/23 11:25:02;Rue Marcel Peretto, Grenoble;45.178169;5.730418;6.0;HAUT LE PIED;11;
08/12/23 11:25:05;Rue Marcel Peretto, Grenoble;45.178246;5.730329;13.0;HAUT LE PIED;12;
08/12/23 11:25:08;Rue Gay-Lussac, Grenoble;45.178349;5.73037;15.0;HAUT LE PIED;12;
08/12/23 11:25:21;Rue Gay-Lussac, Grenoble;45.178329;5.730525;;COLLECTE;1;
08/12/23 11:25:28;Rue Gay-Lussac, Grenoble;45.178322;5.730536;;COLLECTE;0;
08/12/23 11:25:34;Rue Gay-Lussac, Grenoble;45.178322;5.730537;;COLLECTE;0;
08/12/23 11:25:36;Rue Gay-Lussac, Grenoble;45.178322;5.730537;;ARRET;0;
08/12/23 11:25:39;Rue Gay-Lussac, Grenoble;45.178322;5.730537;0.0;ARRET;0;
08/12/23 11:26:05;Rue Gay-Lussac, Grenoble;45.178322;5.730537;;COLLECTE;0;
08/12/23 11:26:12;Rue Gay-Lussac, Grenoble;45.178322;5.730537;;ARRET;0;
08/12/23 11:26:37;Rue Gay-Lussac, Grenoble;45.178322;5.730538;;ARRET;26;
08/12/23 11:26:51;Rue Gay-Lussac, Grenoble;45.178318;5.730872;15.0;HAUT LE PIED;63;
08/12/23 11:27:13;Avenue Général Champon, Grenoble;45.178337;5.731678;;ARRET;9;
08/12/23 11:27:22;Rue Gay-Lussac, Grenoble;45.178337;5.731792;12.0;HAUT LE PIED;8;
08/12/23 11:27:25;Rue Gay-Lussac, Grenoble;45.178272;5.731844;10.0;HAUT LE PIED;3;
08/12/23 11:27:28;Rue Gay-Lussac, Grenoble;45.178249;5.731833;;MARCHE ARRIERE;13;
08/12/23 11:27:37;Avenue Marcelin Berthelot, Grenoble;45.178364;5.731812;;ARRET;23;
08/12/23 11:27:48;Rue Gay-Lussac, Grenoble;45.178333;5.731524;16.0;HAUT LE PIED;40;
08/12/23 11:28:03;Rue Gay-Lussac, Grenoble;45.178349;5.731009;;COLLECTE;1;
08/12/23 11:28:12;Rue Gay-Lussac, Grenoble;45.178337;5.73101;;ARRET;0;
08/12/23 11:28:19;Rue Gay-Lussac, Grenoble;45.178337;5.731009;0.0;ARRET;0;
08/12/23 11:28:21;Rue Gay-Lussac, Grenoble;45.178337;5.731009;;COLLECTE;0;
08/12/23 11:28:31;Rue Gay-Lussac, Grenoble;45.178337;5.731007;;ARRET;27;
08/12/23 11:28:47;Rue Gay-Lussac, Grenoble;45.178368;5.73066;16.0;HAUT LE PIED;19;
08/12/23 11:28:56;Rue Gay-Lussac, Grenoble;45.178333;5.730427;;COLLECTE;2;
08/12/23 11:29:04;Rue Gay-Lussac, Grenoble;45.178314;5.730417;;ARRET;15;
08/12/23 11:29:19;Rue Marcel Peretto, Grenoble;45.178337;5.730224;0.0;ARRET;27;
08/12/23 11:30:41;Rue Marcel Peretto, Grenoble;45.17849;5.729959;19.0;HAUT LE PIED;19;
08/12/23 11:30:44;Rue Marcel Peretto, Grenoble;45.178658;5.729895;25.0;HAUT LE PIED;58;
08/12/23 11:30:51;Rue Marcel Peretto, Grenoble;45.179153;5.729668;32.0;HAUT LE PIED;48;
08/12/23 11:30:57;Rue Marcel Peretto, Grenoble;45.179535;5.729395;16.0;HAUT LE PIED;27;
08/12/23 11:31:06;Rue Marcel Peretto, Grenoble;45.179737;5.72921;16.0;HAUT LE PIED;25;
08/12/23 11:31:10;Rue Marcel Peretto, Grenoble;45.179943;5.729095;24.0;HAUT LE PIED;21;
08/12/23 11:31:13;Rue Paul Janet, Grenoble;45.18013;5.72915;26.0;HAUT LE PIED;79;
08/12/23 11:31:27;Rue Mallifaud, Grenoble;45.180744;5.72965;10.0;HAUT LE PIED;11;
08/12/23 11:31:30;Rue Mallifaud, Grenoble;45.180721;5.729792;20.0;HAUT LE PIED;124;
08/12/23 11:32:01;Rue Mallifaud, Grenoble;45.180603;5.731369;0.0;ARRET;0;
08/12/23 11:32:04;Rue Mallifaud, Grenoble;45.180603;5.731369;;COLLECTE;0;
08/12/23 11:32:07;Rue Mallifaud, Grenoble;45.180603;5.731369;;COLLECTE;0;
08/12/23 11:32:13;Rue Mallifaud, Grenoble;45.180603;5.731369;;COLLECTE;0;
08/12/23 11:32:18;Rue Mallifaud, Grenoble;45.180603;5.731369;;COLLECTE;0;
08/12/23 11:32:21;Rue Mallifaud, Grenoble;45.180603;5.731368;;COLLECTE;0;
08/12/23 11:32:24;Rue Mallifaud, Grenoble;45.180603;5.731368;;ARRET;0;
08/12/23 11:32:30;Rue Mallifaud, Grenoble;45.180603;5.731368;;COLLECTE;0;
08/12/23 11:32:53;Rue Mallifaud, Grenoble;45.180603;5.731368;;COLLECTE;0;
08/12/23 11:32:57;Rue Mallifaud, Grenoble;45.180603;5.731368;;COLLECTE;0;
08/12/23 11:32:59;Rue Mallifaud, Grenoble;45.180603;5.731368;;ARRET;0;
08/12/23 11:33:05;Rue Mallifaud, Grenoble;45.180603;5.731368;;COLLECTE;0;
08/12/23 11:33:13;Rue Mallifaud, Grenoble;45.180603;5.731369;;ARRET;0;
08/12/23 11:33:27;Rue Mallifaud, Grenoble;45.180603;5.731368;;COLLECTE;0;
08/12/23 11:33:36;Rue Mallifaud, Grenoble;45.180603;5.731368;;ARRET;27;
08/12/23 11:34:06;Rue Mallifaud, Grenoble;45.180626;5.73171;19.0;HAUT LE PIED;243;
08/12/23 11:34:37;Rue Mallifaud, Grenoble;45.180622;5.734809;0.0;ARRET;27;
08/12/23 11:35:13;Avenue Jean Perrot, Grenoble;45.180836;5.734965;18.0;HAUT LE PIED;96;
08/12/23 11:35:43;Avenue Jean Perrot, Grenoble;45.181606;5.734402;0.0;ARRET;25;
08/12/23 11:36:20;Avenue Jean Perrot, Grenoble;45.181824;5.734313;21.0;HAUT LE PIED;220;
08/12/23 11:36:40;Place Paul Mistral, Grenoble;45.183716;5.733513;39.0;HAUT LE PIED;61;
08/12/23 11:37:10;Place Paul Mistral, Grenoble;45.184242;5.733302;0.0;ARRET;29;
08/12/23 11:37:24;Place Paul Mistral, Grenoble;45.184475;5.733131;20.0;HAUT LE PIED;112;
08/12/23 11:37:37;Place Paul Mistral, Grenoble;45.185368;5.732465;22.0;HAUT LE PIED;18;
08/12/23 11:37:40;Boulevard Jean Pain, Grenoble;45.185513;5.732566;12.0;HAUT LE PIED;13;
08/12/23 11:37:43;Boulevard Jean Pain, Grenoble;45.185558;5.73272;13.0;HAUT LE PIED;27;
08/12/23 11:37:55;Boulevard Jean Pain, Grenoble;45.185677;5.733016;20.0;HAUT LE PIED;98;
08/12/23 11:38:08;Boulevard Jean Pain, Grenoble;45.186111;5.734099;18.0;HAUT LE PIED;41;
08/12/23 11:38:28;Boulevard Jean Pain, Grenoble;45.186291;5.734557;12.0;HAUT LE PIED;215;
08/12/23 11:38:59;Boulevard Jean Pain, Grenoble;45.187229;5.736951;5.0;HAUT LE PIED;303;
08/12/23 11:39:30;Boulevard Jean Pain, Grenoble;45.188553;5.740327;45.0;HAUT LE PIED;104;
08/12/23 11:40:01;Boulevard Jean Pain, Grenoble;45.189034;5.74147;0.0;ARRET;29;
08/12/23 11:40:38;Boulevard Jean Pain, Grenoble;45.189186;5.741776;24.0;HAUT LE PIED;343;
08/12/23 11:41:05;Avenue de Verdun, La Tronche;45.191246;5.745028;65.0;HAUT LE PIED;511;
08/12/23 11:41:31;Avenue de Verdun, La Tronche;45.194458;5.749687;75.0;HAUT LE PIED;641;
08/12/23 11:42:02;Avenue de Verdun, La Tronche;45.198494;5.755518;70.0;HAUT LE PIED;299;
08/12/23 11:42:20;Avenue de Verdun, La Tronche;45.200211;5.758446;50.0;HAUT LE PIED;51;
08/12/23 11:42:25;Chemin de la Tuilerie, La Tronche;45.200405;5.759038;26.0;HAUT LE PIED;21;
08/12/23 11:42:28;Chemin de la Tuilerie, Meylan;45.20031;5.759275;28.0;HAUT LE PIED;23;
08/12/23 11:42:31;Inconnu, La Tronche;45.200134;5.759428;28.0;HAUT LE PIED;62;
08/12/23 11:42:41;Inconnu, La Tronche;45.199574;5.759448;18.0;HAUT LE PIED;9;
08/12/23 11:42:44;Chemin de la Tuilerie, La Tronche;45.199543;5.75956;12.0;HAUT LE PIED;11;
08/12/23 11:42:47;Chemin de la Tuilerie, La Tronche;45.199593;5.759687;16.0;HAUT LE PIED;30;
08/12/23 11:42:57;Chemin de la Tuilerie, La Tronche;45.199757;5.759986;9.0;HAUT LE PIED;9;
08/12/23 11:43:00;Chemin de la Tuilerie, La Tronche;45.199696;5.760053;14.0;HAUT LE PIED;181;
08/12/23 11:43:21;Chemin de la Tuilerie, La Tronche;45.198231;5.761068;14.0;HAUT LE PIED;10;
08/12/23 11:43:24;Chemin de la Tuilerie, La Tronche;45.198196;5.760944;15.0;HAUT LE PIED;12;
08/12/23 11:43:27;Inconnu, La Tronche;45.19825;5.760814;14.0;HAUT LE PIED;16;
08/12/23 11:43:30;Inconnu, La Tronche;45.198383;5.760744;24.0;HAUT LE PIED;76;
08/12/23 11:43:40;Chemin de la Tuilerie, La Tronche;45.199028;5.760426;28.0;HAUT LE PIED;37;
08/12/23 11:43:45;Inconnu, La Tronche;45.199303;5.760166;18.0;HAUT LE PIED;13;
08/12/23 11:43:48;Inconnu, La Tronche;45.199345;5.760015;14.0;HAUT LE PIED;16;
08/12/23 11:43:52;Inconnu, La Tronche;45.199337;5.759817;12.0;HAUT LE PIED;61;
08/12/23 11:44:06;Chemin de la Tuilerie, La Tronche;45.199203;5.759067;20.0;HAUT LE PIED;99;
08/12/23 11:44:36;Inconnu, La Tronche;45.198948;5.757857;0.0;ARRET;27;
08/12/23 11:45:52;Inconnu, La Tronche;45.198727;5.757984;6.0;HAUT LE PIED;21;
08/12/23 11:46:23;Inconnu, La Tronche;45.198559;5.758105;0.0;ARRET;27;
08/12/23 11:46:47;Inconnu, La Tronche;45.198318;5.758143;21.0;HAUT LE PIED;15;
08/12/23 11:46:51;Inconnu, La Tronche;45.198181;5.758174;14.0;HAUT LE PIED;25;
08/12/23 11:46:56;Inconnu, La Tronche;45.19796;5.758216;18.0;HAUT LE PIED;28;
08/12/23 11:47:00;Inconnu, La Tronche;45.197739;5.758379;25.0;HAUT LE PIED;61;
08/12/23 11:47:08;Inconnu, La Tronche;45.197388;5.758983;32.0;HAUT LE PIED;25;
08/12/23 11:47:11;Inconnu, La Tronche;45.197441;5.759293;29.0;HAUT LE PIED;39;
08/12/23 11:47:16;Inconnu, La Tronche;45.197617;5.75973;29.0;HAUT LE PIED;22;
08/12/23 11:47:19;Inconnu, La Tronche;45.197781;5.759883;23.0;HAUT LE PIED;19;
08/12/23 11:47:22;Inconnu, La Tronche;45.197952;5.759883;21.0;HAUT LE PIED;16;
08/12/23 11:47:42;Inconnu, La Tronche;45.198093;5.759911;;MARCHE ARRIERE;2;
08/12/23 11:47:53;Inconnu, La Tronche;45.198112;5.759921;0.0;MARCHE ARRIERE;0;
08/12/23 11:48:15;Inconnu, La Tronche;45.198109;5.759925;;VIDAGE;9;
08/12/23 11:50:38;;45.198132;5.760039;;MARCHE ARRIERE;0;
08/12/23 11:50:45;;45.198132;5.760039;;VIDAGE;37;
08/12/23 11:50:54;Inconnu, La Tronche;45.197834;5.759823;19.0;HAUT LE PIED;19;
08/12/23 11:50:57;Inconnu, La Tronche;45.197678;5.759724;24.0;HAUT LE PIED;15;
08/12/23 11:51:00;Inconnu, La Tronche;45.197594;5.759569;22.0;HAUT LE PIED;42;
08/12/23 11:51:06;Inconnu, La Tronche;45.197468;5.759061;18.0;HAUT LE PIED;23;
08/12/23 11:51:09;Inconnu, La Tronche;45.197533;5.75878;31.0;HAUT LE PIED;26;
08/12/23 11:51:12;Inconnu, La Tronche;45.197697;5.758538;35.0;HAUT LE PIED;31;
08/12/23 11:51:15;Inconnu, La Tronche;45.19796;5.758411;39.0;HAUT LE PIED;23;
08/12/23 11:51:20;Inconnu, La Tronche;45.198154;5.758307;8.0;HAUT LE PIED;4;
08/12/23 11:51:25;Inconnu, La Tronche;45.198189;5.758334;11.0;HAUT LE PIED;13;
08/12/23 11:51:28;Inconnu, La Tronche;45.198307;5.758331;20.0;HAUT LE PIED;49;
08/12/23 11:51:59;Inconnu, La Tronche;45.198715;5.758104;0.0;ARRET;26;
08/12/23 11:52:18;Chemin de la Tuilerie, La Tronche;45.19894;5.758026;11.0;HAUT LE PIED;20;
08/12/23 11:52:21;Chemin de la Tuilerie, La Tronche;45.199005;5.758261;21.0;HAUT LE PIED;96;
08/12/23 11:52:31;Inconnu, La Tronche;45.199287;5.759418;29.0;HAUT LE PIED;43;
08/12/23 11:52:37;Inconnu, La Tronche;45.199306;5.759968;25.0;HAUT LE PIED;20;
08/12/23 11:52:40;Inconnu, La Tronche;45.199181;5.76016;26.0;HAUT LE PIED;140;
08/12/23 11:52:56;;45.198036;5.760887;26.0;HAUT LE PIED;20;
08/12/23 11:52:59;Chemin de la Tuilerie, La Tronche;45.198093;5.761131;26.0;HAUT LE PIED;22;
08/12/23 11:53:02;Chemin de la Tuilerie, La Tronche;45.198292;5.761093;33.0;HAUT LE PIED;216;
08/12/23 11:53:20;Chemin de la Tuilerie, La Tronche;45.199966;5.759708;45.0;HAUT LE PIED;82;
08/12/23 11:53:29;Inconnu, Meylan;45.200565;5.759107;17.0;HAUT LE PIED;17;
08/12/23 11:53:33;Inconnu, Meylan;45.200706;5.759016;11.0;HAUT LE PIED;11;
08/12/23 11:54:03;Avenue de Verdun, La Tronche;45.20076;5.758903;0.0;ARRET;25;
08/12/23 11:54:15;Avenue de Verdun, Meylan;45.200985;5.758927;13.0;HAUT LE PIED;30;
08/12/23 11:54:39;Inconnu, La Tronche;45.200886;5.75857;20.0;HAUT LE PIED;50;
08/12/23 11:54:45;D 1090, La Tronche;45.200584;5.758099;40.0;HAUT LE PIED;223;
08/12/23 11:55:00;Avenue de Verdun, La Tronche;45.199181;5.756073;65.0;HAUT LE PIED;655;
08/12/23 11:55:31;Avenue de Verdun, La Tronche;45.195038;5.75014;76.0;HAUT LE PIED;385;
08/12/23 11:56:02;Avenue de Verdun, La Tronche;45.1926;5.746663;0.0;ARRET;42;
08/12/23 11:56:32;D 1090, La Tronche;45.192337;5.746286;26.0;HAUT LE PIED;347;
08/12/23 11:57:02;Pont de la Porte de Savoie, La Tronche;45.190216;5.743033;27.0;HAUT LE PIED;247;
08/12/23 11:57:29;Boulevard Jean Pain, Grenoble;45.188812;5.740588;36.0;HAUT LE PIED;57;
08/12/23 11:57:37;Boulevard Jean Pain, Grenoble;45.188541;5.739977;14.0;HAUT LE PIED;17;
08/12/23 11:57:40;Boulevard Jean Pain, Grenoble;45.188461;5.739793;20.0;HAUT LE PIED;119;
08/12/23 11:57:58;Boulevard Jean Pain, Grenoble;45.187954;5.738458;9.0;HAUT LE PIED;5;
08/12/23 11:58:29;Boulevard Jean Pain, Grenoble;45.187916;5.738424;0.0;ARRET;25;
08/12/23 11:58:53;Rue Joseph Chanrion, Grenoble;45.187786;5.738159;24.0;HAUT LE PIED;178;
08/12/23 11:59:24;Boulevard Jean Pain, Grenoble;45.187019;5.736165;0.0;ARRET;29;
08/12/23 11:59:43;Boulevard Jean Pain, Grenoble;45.186886;5.735848;24.0;HAUT LE PIED;210;
08/12/23 12:00:14;Boulevard Jean Pain, Grenoble;45.185947;5.733526;0.0;ARRET;26;
08/12/23 12:01:17;Boulevard Jean Pain, Grenoble;45.185783;5.733296;8.0;HAUT LE PIED;61;
08/12/23 12:01:28;Boulevard Jean Pain, Grenoble;45.185577;5.732569;12.0;HAUT LE PIED;9;
08/12/23 12:01:31;Boulevard Jean Pain, Grenoble;45.185547;5.732457;10.0;HAUT LE PIED;17;
08/12/23 12:02:01;Boulevard Jean Pain, Grenoble;45.185452;5.732288;0.0;ARRET;29;
08/12/23 12:03:05;Boulevard Jean Pain, Grenoble;45.185364;5.731942;15.0;HAUT LE PIED;30;
08/12/23 12:03:13;Inconnu, Grenoble;45.1852;5.731631;20.0;HAUT LE PIED;16;
08/12/23 12:03:16;Inconnu, Grenoble;45.185062;5.731565;21.0;HAUT LE PIED;111;
08/12/23 12:03:30;Rue Jean Bistési, Grenoble;45.184071;5.731439;10.0;HAUT LE PIED;11;
08/12/23 12:04:01;Place Pasteur, Grenoble;45.183971;5.731467;0.0;ARRET;30;
08/12/23 12:05:17;Boulevard Maréchal Joffre, Grenoble;45.183708;5.731535;25.0;HAUT LE PIED;93;
08/12/23 12:05:30;Avenue Général Champon, Grenoble;45.182873;5.731448;17.0;HAUT LE PIED;18;
08/12/23 12:05:34;Avenue Général Champon, Grenoble;45.18272;5.731388;11.0;HAUT LE PIED;7;
08/12/23 12:06:05;Avenue Général Champon, Grenoble;45.182743;5.731309;0.0;ARRET;0;
08/12/23 12:06:08;Avenue Général Champon, Grenoble;45.182747;5.731311;;COLLECTE;2;
08/12/23 12:06:24;Avenue Général Champon, Grenoble;45.182751;5.731332;;ARRET;14;
08/12/23 12:06:36;Avenue Général Champon, Grenoble;45.18277;5.731506;;COLLECTE;14;
08/12/23 12:06:38;Avenue Général Champon, Grenoble;45.182823;5.731668;10.0;HAUT LE PIED;19;
08/12/23 12:06:45;Avenue Général Champon, Grenoble;45.182896;5.731891;;ARRET;17;
08/12/23 12:06:52;Avenue Général Champon, Grenoble;45.183022;5.731773;;COLLECTE;18;
08/12/23 12:07:01;Avenue Général Champon, Grenoble;45.182903;5.731925;;ARRET;6;
08/12/23 12:07:09;Avenue Général Champon, Grenoble;45.182911;5.731851;0.0;ARRET;0;
08/12/23 12:07:18;Avenue Général Champon, Grenoble;45.182911;5.731853;;COLLECTE;0;
08/12/23 12:07:25;Avenue Général Champon, Grenoble;45.182911;5.731853;;ARRET;30;
08/12/23 12:07:49;Avenue Général Champon, Grenoble;45.182663;5.731719;12.0;HAUT LE PIED;23;
08/12/23 12:08:20;Avenue Général Champon, Grenoble;45.182468;5.731823;0.0;ARRET;29;
08/12/23 12:08:30;Avenue Général Champon, Grenoble;45.182213;5.731763;18.0;HAUT LE PIED;39;
08/12/23 12:08:38;Avenue Général Champon, Grenoble;45.18187;5.731657;11.0;HAUT LE PIED;12;
08/12/23 12:08:41;Avenue Général Champon, Grenoble;45.181774;5.731735;22.0;HAUT LE PIED;42;
08/12/23 12:08:47;Avenue Général Champon, Grenoble;45.181393;5.731716;36.0;HAUT LE PIED;24;
08/12/23 12:08:52;Rue du Colonel Bougault, Grenoble;45.181175;5.731689;8.0;HAUT LE PIED;27;
08/12/23 12:08:58;Rue du Colonel Bougault, Grenoble;45.181152;5.731343;21.0;HAUT LE PIED;141;
08/12/23 12:09:18;Rue Paul Janet, Grenoble;45.18111;5.729545;17.0;HAUT LE PIED;14;
08/12/23 12:09:21;Rue Paul Janet, Grenoble;45.180988;5.729498;22.0;HAUT LE PIED;25;
08/12/23 12:09:25;Rue Mallifaud, Grenoble;45.180767;5.72948;15.0;HAUT LE PIED;25;
08/12/23 12:09:37;Rue Mallifaud, Grenoble;45.180798;5.72916;17.0;HAUT LE PIED;65;
08/12/23 12:09:47;Rue Mallifaud, Grenoble;45.18095;5.728358;15.0;HAUT LE PIED;10;
08/12/23 12:09:50;Rue des Déportés du 11 Novembre 1943, Grenoble;45.180882;5.72827;18.0;HAUT LE PIED;11;
08/12/23 12:09:53;Rue des Déportés du 11 Novembre 1943, Grenoble;45.18079;5.728327;14.0;HAUT LE PIED;16;
08/12/23 12:09:56;Rue des Déportés du 11 Novembre 1943, Grenoble;45.180645;5.728355;25.0;HAUT LE PIED;83;
08/12/23 12:10:05;Rue des Déportés du 11 Novembre 1943, Grenoble;45.179897;5.728369;42.0;HAUT LE PIED;114;
08/12/23 12:10:13;Rue des Déportés du 11 Novembre 1943, Grenoble;45.178921;5.727907;49.0;HAUT LE PIED;59;
08/12/23 12:10:20;Rue des Déportés du 11 Novembre 1943, Grenoble;45.178429;5.727634;14.0;HAUT LE PIED;11;
08/12/23 12:10:23;Rue Roger Guigue, Grenoble;45.178398;5.727764;11.0;HAUT LE PIED;7;
08/12/23 12:10:28;Rue Roger Guigue, Grenoble;45.178448;5.727824;;MARCHE ARRIERE;6;
08/12/23 12:10:36;Rue Roger Guigue, Grenoble;45.178413;5.727768;;ARRET;3;
08/12/23 12:10:52;Rue Roger Guigue, Grenoble;45.178429;5.727801;;COLLECTE;1;
08/12/23 12:10:54;Rue Roger Guigue, Grenoble;45.178436;5.727805;;ARRET;5;
08/12/23 12:11:01;Rue des Déportés du 11 Novembre 1943, Grenoble;45.178478;5.727813;;COLLECTE;7;
08/12/23 12:11:12;Rue des Déportés du 11 Novembre 1943, Grenoble;45.178535;5.727787;;ARRET;15;
08/12/23 12:11:33;Rue des Déportés du 11 Novembre 1943, Grenoble;45.178665;5.727721;6.0;HAUT LE PIED;8;
08/12/23 12:11:58;Rue des Déportés du 11 Novembre 1943, Grenoble;45.178673;5.727822;;COLLECTE;0;
08/12/23 12:11:58;Rue des Déportés du 11 Novembre 1943, Grenoble;45.178673;5.727822;;COLLECTE;0;
08/12/23 12:12:03;Rue des Déportés du 11 Novembre 1943, Grenoble;45.178673;5.727822;0.0;COLLECTE;0;
08/12/23 12:12:04;Rue des Déportés du 11 Novembre 1943, Grenoble;45.178673;5.727822;;COLLECTE;0;
08/12/23 12:12:06;Rue des Déportés du 11 Novembre 1943, Grenoble;45.178673;5.727822;;ARRET;27;
08/12/23 12:12:25;Rue des Déportés du 11 Novembre 1943, Grenoble;45.178867;5.72802;26.0;HAUT LE PIED;29;
08/12/23 12:12:53;Rue des Déportés du 11 Novembre 1943, Grenoble;45.179096;5.728183;;COLLECTE;0;
08/12/23 12:12:55;Rue des Déportés du 11 Novembre 1943, Grenoble;45.179096;5.728184;;COLLECTE;0;
08/12/23 12:12:56;Rue des Déportés du 11 Novembre 1943, Grenoble;45.179096;5.728184;0.0;COLLECTE;0;
08/12/23 12:13:02;Rue des Déportés du 11 Novembre 1943, Grenoble;45.179096;5.728184;;COLLECTE;0;
08/12/23 12:13:03;Rue des Déportés du 11 Novembre 1943, Grenoble;45.179096;5.728184;;ARRET;26;
08/12/23 12:13:26;Rue des Déportés du 11 Novembre 1943, Grenoble;45.17931;5.728312;21.0;HAUT LE PIED;24;
08/12/23 12:13:46;Rue des Déportés du 11 Novembre 1943, Grenoble;45.179512;5.728426;;COLLECTE;1;
08/12/23 12:13:53;Rue des Déportés du 11 Novembre 1943, Grenoble;45.179508;5.728418;;ARRET;1;
08/12/23 12:13:57;Rue des Déportés du 11 Novembre 1943, Grenoble;45.179516;5.728417;0.0;ARRET;157;
08/12/23 12:14:26;Rue Mallifaud, Grenoble;45.180927;5.728536;12.0;HAUT LE PIED;8;
08/12/23 12:14:34;Rue Mallifaud, Grenoble;45.180958;5.728631;;MARCHE ARRIERE;2;
08/12/23 12:14:37;Rue Mallifaud, Grenoble;45.180965;5.728603;;ARRET;23;
08/12/23 12:14:55;Rue Mallifaud, Grenoble;45.18092;5.728895;19.0;HAUT LE PIED;156;
08/12/23 12:15:26;Rue Mallifaud, Grenoble;45.18066;5.730845;0.0;ARRET;3;
08/12/23 12:15:33;Rue Mallifaud, Grenoble;45.180683;5.730829;;COLLECTE;2;
08/12/23 12:15:39;Rue Mallifaud, Grenoble;45.180698;5.730824;;ARRET;30;
08/12/23 12:15:56;Rue Mallifaud, Grenoble;45.180683;5.731208;13.0;HAUT LE PIED;17;
08/12/23 12:16:27;Rue Mallifaud, Grenoble;45.180641;5.731412;0.0;ARRET;26;
08/12/23 12:16:41;Avenue Marcelin Berthelot, Grenoble;45.180496;5.731678;16.0;HAUT LE PIED;14;
08/12/23 12:17:00;Avenue Marcelin Berthelot, Grenoble;45.180374;5.731717;;COLLECTE;0;
08/12/23 12:17:07;Avenue Marcelin Berthelot, Grenoble;45.180378;5.731719;;ARRET;2;
08/12/23 12:17:12;Avenue Marcelin Berthelot, Grenoble;45.180363;5.73171;0.0;ARRET;57;
08/12/23 12:17:50;Avenue Marcelin Berthelot, Grenoble;45.179863;5.731535;;COLLECTE;4;
08/12/23 12:17:53;Avenue Marcelin Berthelot, Grenoble;45.17984;5.731499;;COLLECTE;2;
08/12/23 12:18:04;Avenue Marcelin Berthelot, Grenoble;45.179829;5.731477;;COLLECTE;0;
08/12/23 12:18:06;Avenue Marcelin Berthelot, Grenoble;45.179832;5.731474;;ARRET;1;
08/12/23 12:18:24;Avenue Marcelin Berthelot, Grenoble;45.179832;5.731482;6.0;HAUT LE PIED;145;
08/12/23 12:18:45;Avenue Marcelin Berthelot, Grenoble;45.178528;5.731583;16.0;HAUT LE PIED;13;
08/12/23 12:19:05;Avenue Marcelin Berthelot, Grenoble;45.178417;5.731619;;COLLECTE;3;
08/12/23 12:19:11;Avenue Général Champon, Grenoble;45.17841;5.73165;;ARRET;0;
08/12/23 12:19:15;Avenue Général Champon, Grenoble;45.178406;5.731651;0.0;ARRET;26;
08/12/23 12:19:31;Rue Gay-Lussac, Grenoble;45.178295;5.73136;20.0;HAUT LE PIED;74;
08/12/23 12:19:41;Rue Gay-Lussac, Grenoble;45.178329;5.730419;15.0;HAUT LE PIED;10;
08/12/23 12:19:44;Rue Gay-Lussac, Grenoble;45.178352;5.730298;13.0;HAUT LE PIED;18;
08/12/23 12:20:14;Rue Marcel Peretto, Grenoble;45.178425;5.7301;0.0;ARRET;27;
08/12/23 12:20:20;Rue Marcel Peretto, Grenoble;45.178658;5.729984;18.0;HAUT LE PIED;37;
08/12/23 12:20:51;Rue Marcel Peretto, Grenoble;45.178982;5.729879;0.0;ARRET;5;
08/12/23 12:21:01;Rue Marcel Peretto, Grenoble;45.179028;5.729902;;COLLECTE;4;
08/12/23 12:21:19;Rue Marcel Peretto, Grenoble;45.179062;5.729913;;ARRET;1;
08/12/23 12:21:27;Rue Marcel Peretto, Grenoble;45.179054;5.729918;;COLLECTE;2;
08/12/23 12:21:37;Rue Marcel Peretto, Grenoble;45.179043;5.729932;;ARRET;1;
08/12/23 12:21:42;Rue Marcel Peretto, Grenoble;45.179047;5.729946;;COLLECTE;1;
08/12/23 12:21:51;Rue Marcel Peretto, Grenoble;45.179043;5.729954;;ARRET;1;
08/12/23 12:21:56;Rue Marcel Peretto, Grenoble;45.179035;5.729969;;COLLECTE;2;
08/12/23 12:22:13;Rue Marcel Peretto, Grenoble;45.179054;5.729973;;ARRET;0;
08/12/23 12:22:17;Rue Marcel Peretto, Grenoble;45.179054;5.729974;;ARRET;11;
08/12/23 12:22:26;Rue Marcel Peretto, Grenoble;45.179119;5.729867;;ARRET;4;
08/12/23 12:22:41;Rue Marcel Peretto, Grenoble;45.179085;5.729857;;COLLECTE;1;
08/12/23 12:22:47;Rue Marcel Peretto, Grenoble;45.179089;5.72987;;ARRET;0;
08/12/23 12:22:53;Rue Marcel Peretto, Grenoble;45.179085;5.72987;;COLLECTE;0;
08/12/23 12:23:00;Rue Marcel Peretto, Grenoble;45.179085;5.72987;;COLLECTE;0;
08/12/23 12:23:04;Rue Marcel Peretto, Grenoble;45.179085;5.72987;;COLLECTE;0;
08/12/23 12:23:06;Rue Marcel Peretto, Grenoble;45.179085;5.72987;;ARRET;0;
08/12/23 12:23:15;Rue Marcel Peretto, Grenoble;45.179085;5.72987;;COLLECTE;0;
08/12/23 12:23:27;Rue Marcel Peretto, Grenoble;45.179085;5.729869;;ARRET;0;
08/12/23 12:23:30;Rue Marcel Peretto, Grenoble;45.179085;5.729869;;COLLECTE;0;
08/12/23 12:23:34;Rue Marcel Peretto, Grenoble;45.179085;5.729868;;COLLECTE;0;
08/12/23 12:23:36;Rue Marcel Peretto, Grenoble;45.179085;5.729868;;COLLECTE;0;
08/12/23 12:23:40;Rue Marcel Peretto, Grenoble;45.179085;5.729867;;ARRET;3;
08/12/23 12:23:58;Rue Marcel Peretto, Grenoble;45.179073;5.729833;;COLLECTE;0;
08/12/23 12:24:04;Rue Marcel Peretto, Grenoble;45.179073;5.729833;;COLLECTE;0;
08/12/23 12:24:04;Rue Marcel Peretto, Grenoble;45.179073;5.729833;;ARRET;65;
08/12/23 12:24:33;Rue Marcel Peretto, Grenoble;45.179619;5.729543;15.0;HAUT LE PIED;62;
08/12/23 12:24:42;Rue Paul Janet, Grenoble;45.180119;5.729193;22.0;HAUT LE PIED;8;
08/12/23 12:24:45;Rue Paul Janet, Grenoble;45.180195;5.729192;10.0;HAUT LE PIED;5;
08/12/23 12:24:50;Rue Paul Janet, Grenoble;45.180237;5.729198;;ARRET;2;
08/12/23 12:25:02;Rue Paul Janet, Grenoble;45.180229;5.729221;;COLLECTE;4;
08/12/23 12:25:08;Rue Paul Janet, Grenoble;45.180195;5.72922;;ARRET;1;
08/12/23 12:25:16;Rue Paul Janet, Grenoble;45.180199;5.729214;0.0;ARRET;1;
08/12/23 12:25:20;Rue Paul Janet, Grenoble;45.180206;5.729221;;ARRET;29;
08/12/23 12:25:29;Rue Paul Janet, Grenoble;45.180443;5.729369;27.0;HAUT LE PIED;8;
08/12/23 12:25:39;Rue Paul Janet, Grenoble;45.180489;5.729442;;COLLECTE;0;
08/12/23 12:25:45;Rue Paul Janet, Grenoble;45.180489;5.729439;;ARRET;30;
08/12/23 12:26:00;Rue Paul Janet, Grenoble;45.180748;5.729559;;ARRET;5;
08/12/23 12:26:08;Rue Paul Janet, Grenoble;45.180786;5.729518;;COLLECTE;1;
08/12/23 12:26:17;Rue Paul Janet, Grenoble;45.180798;5.729511;;ARRET;15;
08/12/23 12:26:31;Rue Mallifaud, Grenoble;45.180801;5.729321;0.0;ARRET;1;
08/12/23 12:26:37;Rue Mallifaud, Grenoble;45.180798;5.729337;;COLLECTE;0;
08/12/23 12:26:41;Rue Mallifaud, Grenoble;45.180798;5.72934;;COLLECTE;0;
08/12/23 12:26:43;Rue Mallifaud, Grenoble;45.180801;5.729339;;COLLECTE;1;
08/12/23 12:26:49;Rue Mallifaud, Grenoble;45.180809;5.729335;;ARRET;3;
08/12/23 12:26:56;Rue Mallifaud, Grenoble;45.180828;5.729315;;COLLECTE;2;
08/12/23 12:27:02;Rue Mallifaud, Grenoble;45.180836;5.72929;;ARRET;1;
08/12/23 12:27:05;Rue Mallifaud, Grenoble;45.180836;5.729281;;ARRET;24;
08/12/23 12:27:16;Rue Mallifaud, Grenoble;45.180916;5.728993;18.0;HAUT LE PIED;23;
08/12/23 12:27:45;Rue Mallifaud, Grenoble;45.180939;5.728696;;COLLECTE;1;
08/12/23 12:27:47;Rue Mallifaud, Grenoble;45.180931;5.728688;0.0;COLLECTE;0;
08/12/23 12:27:51;Rue Mallifaud, Grenoble;45.180931;5.728685;;ARRET;28;
08/12/23 12:28:01;Rue Mallifaud, Grenoble;45.180965;5.728332;15.0;HAUT LE PIED;9;
08/12/23 12:28:04;Rue Nestor Cornier, Grenoble;45.181019;5.728243;10.0;HAUT LE PIED;10;
08/12/23 12:28:10;Rue Nestor Cornier, Grenoble;45.181103;5.728203;;ARRET;6;
08/12/23 12:28:19;Rue Nestor Cornier, Grenoble;45.181091;5.728282;;COLLECTE;1;
08/12/23 12:28:22;Rue Nestor Cornier, Grenoble;45.181091;5.7283;;COLLECTE;1;
08/12/23 12:28:25;Rue Nestor Cornier, Grenoble;45.181087;5.728313;;COLLECTE;2;
08/12/23 12:28:28;Rue Nestor Cornier, Grenoble;45.18108;5.728337;;ARRET;0;
08/12/23 12:28:31;Rue Nestor Cornier, Grenoble;45.18108;5.728336;;ARRET;13;
08/12/23 12:28:35;Rue Nestor Cornier, Grenoble;45.181171;5.728233;0.0;ARRET;26;
08/12/23 12:28:51;Rue Marcel Porte, Grenoble;45.1814;5.728283;11.0;HAUT LE PIED;10;
08/12/23 12:28:59;Rue Marcel Porte, Grenoble;45.181427;5.728405;;ARRET;1;
08/12/23 12:29:07;Rue Marcel Porte, Grenoble;45.181435;5.728407;;ARRET;0;
08/12/23 12:29:08;Rue Marcel Porte, Grenoble;45.181435;5.728409;;COLLECTE;1;
08/12/23 12:29:15;Rue Marcel Porte, Grenoble;45.181431;5.728419;;ARRET;7;
08/12/23 12:29:22;Rue Marcel Porte, Grenoble;45.181412;5.728498;0.0;ARRET;21;
08/12/23 12:29:32;Rue Marcel Porte, Grenoble;45.18137;5.728763;;ARRET;12;
08/12/23 12:29:53;Rue Marcel Porte, Grenoble;45.181313;5.728899;9.0;HAUT LE PIED;6;
08/12/23 12:30:01;Rue Marcel Porte, Grenoble;45.181267;5.728934;;COLLECTE;2;
08/12/23 12:30:07;Rue Marcel Porte, Grenoble;45.181252;5.72893;;ARRET;21;
08/12/23 12:30:24;Rue Marcel Porte, Grenoble;45.181198;5.729189;;COLLECTE;1;
08/12/23 12:30:27;Rue Marcel Porte, Grenoble;45.18119;5.729183;;COLLECTE;3;
08/12/23 12:30:33;Rue Marcel Porte, Grenoble;45.181183;5.729149;;COLLECTE;4;
08/12/23 12:30:38;Rue Marcel Porte, Grenoble;45.181156;5.729172;;ARRET;3;
08/12/23 12:30:45;Rue Marcel Porte, Grenoble;45.181133;5.729198;;COLLECTE;1;
08/12/23 12:30:51;Rue Marcel Porte, Grenoble;45.181129;5.729213;;ARRET;1;
08/12/23 12:30:53;Rue Marcel Porte, Grenoble;45.181133;5.729218;;ARRET;22;
08/12/23 12:31:03;Rue Paul Janet, Grenoble;45.181103;5.729491;9.0;HAUT LE PIED;5;
08/12/23 12:31:15;Rue Marcel Porte, Grenoble;45.181141;5.72947;;COLLECTE;2;
08/12/23 12:31:25;Rue Marcel Porte, Grenoble;45.181152;5.729483;;ARRET;15;
08/12/23 12:31:34;Rue Paul Janet, Grenoble;45.181271;5.729578;0.0;ARRET;42;
08/12/23 12:31:44;Rue Paul Janet, Grenoble;45.181644;5.729634;10.0;HAUT LE PIED;2;
08/12/23 12:31:48;Rue Paul Janet, Grenoble;45.18166;5.729654;;ARRET;1;
08/12/23 12:31:53;Rue Paul Janet, Grenoble;45.181652;5.729648;;COLLECTE;3;
08/12/23 12:32:00;Rue Paul Janet, Grenoble;45.181683;5.729652;;ARRET;2;
08/12/23 12:32:05;Rue Paul Janet, Grenoble;45.181702;5.729639;;COLLECTE;1;
08/12/23 12:32:11;Rue Paul Janet, Grenoble;45.181709;5.729646;;ARRET;0;
08/12/23 12:32:14;Rue Paul Janet, Grenoble;45.181709;5.729646;0.0;ARRET;0;
08/12/23 12:32:15;Rue Paul Janet, Grenoble;45.181709;5.729646;;COLLECTE;0;
08/12/23 12:32:19;Rue Paul Janet, Grenoble;45.181709;5.729646;;COLLECTE;0;
08/12/23 12:32:21;Rue Paul Janet, Grenoble;45.181709;5.729646;;COLLECTE;0;
08/12/23 12:32:24;Rue Paul Janet, Grenoble;45.181709;5.729647;;ARRET;0;
08/12/23 12:32:27;Rue Paul Janet, Grenoble;45.181709;5.729647;;COLLECTE;0;
08/12/23 12:32:28;Rue Paul Janet, Grenoble;45.181709;5.729647;;ARRET;0;
08/12/23 12:32:31;Rue Paul Janet, Grenoble;45.181709;5.729647;;COLLECTE;0;
08/12/23 12:32:37;Rue Paul Janet, Grenoble;45.181709;5.729648;;ARRET;4;
08/12/23 12:32:44;Rue Paul Janet, Grenoble;45.181679;5.729619;;COLLECTE;1;
08/12/23 12:32:50;Rue Paul Janet, Grenoble;45.181671;5.729619;;ARRET;20;
08/12/23 12:33:15;Rue Paul Janet, Grenoble;45.181828;5.729745;;COLLECTE;1;
08/12/23 12:33:20;Rue Paul Janet, Grenoble;45.181839;5.729749;;COLLECTE;2;
08/12/23 12:33:26;Rue Paul Janet, Grenoble;45.181858;5.729759;;COLLECTE;1;
08/12/23 12:33:34;Rue Paul Janet, Grenoble;45.181866;5.729764;;ARRET;0;
08/12/23 12:33:39;Rue Paul Janet, Grenoble;45.181866;5.729764;;COLLECTE;0;
08/12/23 12:33:40;Rue Paul Janet, Grenoble;45.181866;5.729764;;ARRET;0;
08/12/23 12:33:46;Rue Paul Janet, Grenoble;45.181866;5.729764;;COLLECTE;0;
08/12/23 12:33:52;Rue Paul Janet, Grenoble;45.181866;5.729764;;ARRET;11;
08/12/23 12:34:03;Avenue Albert 1er de Belgique, Grenoble;45.181877;5.729898;6.0;HAUT LE PIED;4;
08/12/23 12:34:10;Avenue Albert 1er de Belgique, Grenoble;45.181885;5.729952;;COLLECTE;1;
08/12/23 12:34:12;Avenue Albert 1er de Belgique, Grenoble;45.181881;5.729959;;COLLECTE;1;
08/12/23 12:34:16;Avenue Albert 1er de Belgique, Grenoble;45.181877;5.729973;;COLLECTE;1;
08/12/23 12:34:18;Avenue Albert 1er de Belgique, Grenoble;45.181877;5.72998;;ARRET;0;
08/12/23 12:34:25;Avenue Albert 1er de Belgique, Grenoble;45.181881;5.729981;;COLLECTE;4;
08/12/23 12:34:34;Avenue Albert 1er de Belgique, Grenoble;45.181911;5.729995;0.0;COLLECTE;1;
08/12/23 12:34:39;Avenue Albert 1er de Belgique, Grenoble;45.181919;5.730009;;COLLECTE;3;
08/12/23 12:34:46;Avenue Albert 1er de Belgique, Grenoble;45.181934;5.730042;;COLLECTE;2;
08/12/23 12:34:51;Avenue Albert 1er de Belgique, Grenoble;45.181942;5.730069;;ARRET;4;
08/12/23 12:34:59;Avenue Albert 1er de Belgique, Grenoble;45.18198;5.730078;;COLLECTE;0;
08/12/23 12:34:59;Avenue Albert 1er de Belgique, Grenoble;45.18198;5.730078;;COLLECTE;4;
08/12/23 12:35:08;Avenue Albert 1er de Belgique, Grenoble;45.182003;5.730046;;COLLECTE;1;
08/12/23 12:35:11;Avenue Albert 1er de Belgique, Grenoble;45.182014;5.730035;;COLLECTE;10;
08/12/23 12:35:19;Rue Paul Janet, Grenoble;45.182098;5.73001;;COLLECTE;0;
08/12/23 12:35:22;Rue Paul Janet, Grenoble;45.182098;5.730012;;ARRET;0;
08/12/23 12:35:24;Rue Paul Janet, Grenoble;45.182095;5.730014;;ARRET;12;
08/12/23 12:35:31;Rue Paul Janet, Grenoble;45.18214;5.730156;10.0;HAUT LE PIED;17;
08/12/23 12:35:34;Rue Paul Janet, Grenoble;45.182106;5.730364;24.0;HAUT LE PIED;26;
08/12/23 12:35:42;Avenue Albert 1er de Belgique, Grenoble;45.182003;5.730658;;ARRET;3;
08/12/23 12:36:00;Avenue Albert 1er de Belgique, Grenoble;45.181995;5.730693;;COLLECTE;2;
08/12/23 12:36:05;Avenue Albert 1er de Belgique, Grenoble;45.182007;5.730704;0.0;COLLECTE;1;
08/12/23 12:36:09;Avenue Albert 1er de Belgique, Grenoble;45.182003;5.730717;;ARRET;0;
08/12/23 12:36:11;Avenue Albert 1er de Belgique, Grenoble;45.182003;5.730721;;ARRET;27;
08/12/23 12:36:34;Avenue Albert 1er de Belgique, Grenoble;45.181984;5.731067;;ARRET;8;
08/12/23 12:37:01;Avenue Albert 1er de Belgique, Grenoble;45.182045;5.731119;;COLLECTE;3;
08/12/23 12:37:11;Avenue Albert 1er de Belgique, Grenoble;45.182056;5.731155;;ARRET;4;
08/12/23 12:37:24;Avenue Albert 1er de Belgique, Grenoble;45.182072;5.731205;;ARRET;4;
08/12/23 12:37:32;Avenue Albert 1er de Belgique, Grenoble;45.182091;5.731242;6.0;HAUT LE PIED;7;
08/12/23 12:37:35;Inconnu, Grenoble;45.182098;5.731325;12.0;HAUT LE PIED;15;
08/12/23 12:37:39;Inconnu, Grenoble;45.182068;5.731518;20.0;HAUT LE PIED;124;
08/12/23 12:37:56;Avenue Albert 1er de Belgique, Grenoble;45.181953;5.733096;21.0;HAUT LE PIED;38;
08/12/23 12:38:27;Avenue Albert 1er de Belgique, Grenoble;45.181931;5.733582;0.0;ARRET;27;
08/12/23 12:38:38;Avenue Albert 1er de Belgique, Grenoble;45.181953;5.73393;23.0;HAUT LE PIED;31;
08/12/23 12:38:45;Avenue Jean Perrot, Grenoble;45.182007;5.734317;11.0;HAUT LE PIED;15;
08/12/23 12:38:48;Avenue Jean Perrot, Grenoble;45.182137;5.734363;16.0;HAUT LE PIED;19;
08/12/23 12:38:51;Avenue Jean Perrot, Grenoble;45.182293;5.734277;20.0;HAUT LE PIED;19;
08/12/23 12:38:58;Inconnu, Grenoble;45.182449;5.734189;;ARRET;3;
08/12/23 12:39:10;Avenue Jean Perrot, Grenoble;45.18243;5.734168;;COLLECTE;2;
08/12/23 12:39:19;Avenue Jean Perrot, Grenoble;45.182411;5.734173;;ARRET;1;
08/12/23 12:39:22;Avenue Jean Perrot, Grenoble;45.1824;5.734168;0.0;ARRET;2;
08/12/23 12:39:32;Avenue Jean Perrot, Grenoble;45.182384;5.734152;;ARRET;26;
08/12/23 12:39:46;Avenue Jean Perrot, Grenoble;45.182598;5.73401;27.0;HAUT LE PIED;48;
08/12/23 12:39:59;Avenue Jean Perrot, Grenoble;45.183014;5.733831;;ARRET;5;
08/12/23 12:40:17;Avenue Jean Perrot, Grenoble;45.183029;5.733887;0.0;ARRET;0;
08/12/23 12:40:18;Avenue Jean Perrot, Grenoble;45.183029;5.733887;;COLLECTE;3;
08/12/23 12:40:22;Avenue Jean Perrot, Grenoble;45.183002;5.733887;;COLLECTE;1;
08/12/23 12:40:27;Avenue Jean Perrot, Grenoble;45.182999;5.733877;;COLLECTE;1;
08/12/23 12:40:29;Avenue Jean Perrot, Grenoble;45.182995;5.73388;;ARRET;1;
08/12/23 12:40:32;Avenue Jean Perrot, Grenoble;45.182983;5.733874;;ARRET;31;
08/12/23 12:40:49;Avenue Jean Perrot, Grenoble;45.183247;5.733765;6.0;HAUT LE PIED;15;
08/12/23 12:41:19;Avenue Jean Perrot, Grenoble;45.183372;5.733709;0.0;ARRET;27;
08/12/23 12:41:24;Place Paul Mistral, Grenoble;45.183487;5.7334;20.0;HAUT LE PIED;13;
08/12/23 12:41:27;Boulevard des Diables Bleus, Grenoble;45.183495;5.733237;8.0;HAUT LE PIED;8;
08/12/23 12:41:35;Boulevard des Diables Bleus, Grenoble;45.18346;5.733152;;ARRET;2;
08/12/23 12:41:48;Boulevard des Diables Bleus, Grenoble;45.18346;5.733172;;COLLECTE;0;
08/12/23 12:41:51;Boulevard des Diables Bleus, Grenoble;45.183456;5.733174;;ARRET;1;
08/12/23 12:41:56;Boulevard des Diables Bleus, Grenoble;45.183449;5.733171;;COLLECTE;1;
08/12/23 12:41:58;Boulevard des Diables Bleus, Grenoble;45.183453;5.733166;0.0;COLLECTE;1;
08/12/23 12:42:06;Boulevard des Diables Bleus, Grenoble;45.18346;5.733166;;COLLECTE;2;
08/12/23 12:42:11;Boulevard des Diables Bleus, Grenoble;45.183449;5.733183;;COLLECTE;3;
08/12/23 12:42:24;Boulevard des Diables Bleus, Grenoble;45.183422;5.733182;;ARRET;1;
08/12/23 12:42:27;Boulevard des Diables Bleus, Grenoble;45.183426;5.733176;;COLLECTE;0;
08/12/23 12:42:33;Boulevard des Diables Bleus, Grenoble;45.183426;5.733175;;ARRET;0;
08/12/23 12:42:40;Boulevard des Diables Bleus, Grenoble;45.183426;5.733176;;COLLECTE;3;
08/12/23 12:42:47;Boulevard des Diables Bleus, Grenoble;45.183399;5.733178;;ARRET;2;
08/12/23 12:43:11;Boulevard des Diables Bleus, Grenoble;45.183403;5.733197;;COLLECTE;1;
08/12/23 12:43:20;Boulevard des Diables Bleus, Grenoble;45.183399;5.733191;;COLLECTE;1;
08/12/23 12:43:23;Boulevard des Diables Bleus, Grenoble;45.183403;5.733185;;COLLECTE;8;
08/12/23 12:43:37;Boulevard des Diables Bleus, Grenoble;45.183472;5.73314;;COLLECTE;1;
08/12/23 12:43:40;Boulevard des Diables Bleus, Grenoble;45.183479;5.733134;;ARRET;22;
08/12/23 12:43:55;Boulevard des Diables Bleus, Grenoble;45.183628;5.732944;15.0;HAUT LE PIED;5;
08/12/23 12:44:01;Boulevard des Diables Bleus, Grenoble;45.18362;5.732883;;ARRET;14;
08/12/23 12:44:26;Boulevard des Diables Bleus, Grenoble;45.18351;5.732784;0.0;ARRET;0;
08/12/23 12:44:28;Boulevard des Diables Bleus, Grenoble;45.18351;5.732783;;COLLECTE;2;
08/12/23 12:44:39;Boulevard des Diables Bleus, Grenoble;45.183529;5.732783;;ARRET;1;
08/12/23 12:44:45;Boulevard des Diables Bleus, Grenoble;45.183537;5.732775;;ARRET;27;
08/12/23 12:44:55;Boulevard des Diables Bleus, Grenoble;45.183571;5.732431;17.0;HAUT LE PIED;17;
08/12/23 12:45:02;Chavant, Grenoble;45.183617;5.73222;;ARRET;6;
08/12/23 12:45:14;Chavant, Grenoble;45.18367;5.73223;;COLLECTE;1;
08/12/23 12:45:19;Chavant, Grenoble;45.183674;5.732239;;ARRET;2;
08/12/23 12:45:26;Chavant, Grenoble;45.183685;5.732263;0.0;ARRET;15;
08/12/23 12:46:02;Chavant, Grenoble;45.183651;5.732083;;COLLECTE;1;
08/12/23 12:46:07;Chavant, Grenoble;45.183659;5.732087;;COLLECTE;0;
08/12/23 12:46:12;Chavant, Grenoble;45.183662;5.732086;;COLLECTE;1;
08/12/23 12:46:20;Chavant, Grenoble;45.183666;5.732082;;COLLECTE;1;
08/12/23 12:46:23;Chavant, Grenoble;45.18367;5.732073;;COLLECTE;0;
08/12/23 12:46:28;Chavant, Grenoble;45.18367;5.732067;;ARRET;3;
08/12/23 12:46:41;Chavant, Grenoble;45.183693;5.732045;;COLLECTE;4;
08/12/23 12:46:52;Chavant, Grenoble;45.183727;5.732065;;COLLECTE;2;
08/12/23 12:46:55;Chavant, Grenoble;45.183743;5.732075;;COLLECTE;3;
08/12/23 12:47:01;Place Pasteur, Grenoble;45.183765;5.732062;;ARRET;6;
08/12/23 12:47:22;Chavant, Grenoble;45.183716;5.732032;;COLLECTE;1;
08/12/23 12:47:33;Place Pasteur, Grenoble;45.183716;5.732014;;ARRET;6;
08/12/23 12:47:42;Place Pasteur, Grenoble;45.18372;5.731938;6.0;HAUT LE PIED;15;
08/12/23 12:47:47;Place Pasteur, Grenoble;45.183754;5.731747;14.0;HAUT LE PIED;10;
08/12/23 12:47:51;Place Pasteur, Grenoble;45.183796;5.731632;12.0;HAUT LE PIED;10;
08/12/23 12:47:54;Place Pasteur, Grenoble;45.183884;5.731628;12.0;HAUT LE PIED;12;
08/12/23 12:47:57;Place Pasteur, Grenoble;45.183956;5.731739;12.0;HAUT LE PIED;11;
08/12/23 12:48:10;Boulevard Maréchal Joffre, Grenoble;45.183945;5.731872;;COLLECTE;1;
08/12/23 12:48:23;Boulevard Maréchal Joffre, Grenoble;45.183933;5.731878;;ARRET;0;
08/12/23 12:48:28;Boulevard Maréchal Joffre, Grenoble;45.183933;5.731878;0.0;ARRET;0;
08/12/23 12:48:30;Boulevard Maréchal Joffre, Grenoble;45.183933;5.731878;;COLLECTE;0;
08/12/23 12:48:31;Boulevard Maréchal Joffre, Grenoble;45.183933;5.731878;;ARRET;3;
08/12/23 12:48:42;Boulevard Maréchal Joffre, Grenoble;45.183907;5.731881;;COLLECTE;0;
08/12/23 12:48:42;Boulevard Maréchal Joffre, Grenoble;45.183903;5.73188;;COLLECTE;1;
08/12/23 12:48:48;Boulevard Maréchal Joffre, Grenoble;45.183907;5.731869;;COLLECTE;1;
08/12/23 12:48:50;Boulevard Maréchal Joffre, Grenoble;45.183914;5.731862;;ARRET;1;
08/12/23 12:48:59;Boulevard Maréchal Joffre, Grenoble;45.183907;5.731859;;COLLECTE;0;
08/12/23 12:48:59;Boulevard Maréchal Joffre, Grenoble;45.183907;5.731859;;COLLECTE;0;
08/12/23 12:49:05;Boulevard Maréchal Joffre, Grenoble;45.183907;5.731857;;COLLECTE;0;
08/12/23 12:49:06;Boulevard Maréchal Joffre, Grenoble;45.183907;5.731856;;ARRET;1;
08/12/23 12:49:27;Boulevard Maréchal Joffre, Grenoble;45.183895;5.731852;;COLLECTE;2;
08/12/23 12:49:39;Boulevard Maréchal Joffre, Grenoble;45.18391;5.731836;;ARRET;33;
08/12/23 12:49:52;Boulevard Maréchal Joffre, Grenoble;45.184048;5.732215;21.0;HAUT LE PIED;30;
08/12/23 12:50:04;Boulevard Maréchal Joffre, Grenoble;45.184196;5.732542;11.0;HAUT LE PIED;13;
08/12/23 12:50:07;Inconnu, Grenoble;45.184261;5.732686;21.0;HAUT LE PIED;14;
08/12/23 12:50:10;Inconnu, Grenoble;45.184235;5.732858;17.0;HAUT LE PIED;19;
08/12/23 12:50:13;Inconnu, Grenoble;45.184093;5.732996;24.0;HAUT LE PIED;79;
08/12/23 12:50:43;Boulevard des Diables Bleus, Grenoble;45.183441;5.733407;23.0;HAUT LE PIED;55;
08/12/23 12:50:59;Rue Général Durand, Grenoble;45.182961;5.733552;9.0;HAUT LE PIED;14;
08/12/23 12:51:25;Rue Général Durand, Grenoble;45.182861;5.733665;;COLLECTE;2;
08/12/23 12:51:30;Rue Général Durand, Grenoble;45.18285;5.733684;0.0;COLLECTE;2;
08/12/23 12:51:34;Avenue Jean Perrot, Grenoble;45.182838;5.733694;;ARRET;1;
08/12/23 12:51:41;Avenue Jean Perrot, Grenoble;45.182831;5.733703;;COLLECTE;0;
08/12/23 12:51:41;Avenue Jean Perrot, Grenoble;45.182831;5.733703;;COLLECTE;1;
08/12/23 12:51:44;Avenue Jean Perrot, Grenoble;45.182827;5.733719;;COLLECTE;0;
08/12/23 12:51:44;Avenue Jean Perrot, Grenoble;45.182827;5.733719;;ARRET;1;
08/12/23 12:51:49;Avenue Jean Perrot, Grenoble;45.182835;5.73372;;COLLECTE;0;
08/12/23 12:51:49;Avenue Jean Perrot, Grenoble;45.182835;5.73372;;COLLECTE;1;
08/12/23 12:51:55;Avenue Jean Perrot, Grenoble;45.182842;5.733713;;COLLECTE;0;
08/12/23 12:51:56;Avenue Jean Perrot, Grenoble;45.182838;5.733713;;ARRET;1;
08/12/23 12:52:01;Avenue Jean Perrot, Grenoble;45.182842;5.733708;;ARRET;24;
08/12/23 12:52:31;Rue Général Durand, Grenoble;45.182625;5.733717;14.0;HAUT LE PIED;7;
08/12/23 12:52:34;Rue Général Durand, Grenoble;45.182568;5.733676;8.0;HAUT LE PIED;14;
08/12/23 12:52:37;Rue Général Durand, Grenoble;45.182457;5.733605;19.0;HAUT LE PIED;14;
08/12/23 12:52:43;Rue Général Durand, Grenoble;45.182377;5.73347;;ARRET;3;
08/12/23 12:53:08;Rue Général Durand, Grenoble;45.182381;5.733428;0.0;ARRET;6;
08/12/23 12:53:24;Rue Général Durand, Grenoble;45.182346;5.73349;;COLLECTE;0;
08/12/23 12:53:25;Rue Général Durand, Grenoble;45.182346;5.733489;;ARRET;0;
08/12/23 12:53:27;Rue Général Durand, Grenoble;45.182346;5.733489;;COLLECTE;0;
08/12/23 12:53:31;Rue Général Durand, Grenoble;45.182346;5.733489;;COLLECTE;0;
08/12/23 12:53:38;Rue Général Durand, Grenoble;45.182346;5.733489;;COLLECTE;0;
08/12/23 12:53:47;Rue Général Durand, Grenoble;45.182346;5.733488;;ARRET;3;
08/12/23 12:54:09;Rue Général Durand, Grenoble;45.182323;5.733468;;COLLECTE;1;
08/12/23 12:54:12;Rue Général Durand, Grenoble;45.18232;5.733475;;COLLECTE;1;
08/12/23 12:54:16;Rue Général Durand, Grenoble;45.18232;5.733485;;COLLECTE;1;
08/12/23 12:54:19;Rue Général Durand, Grenoble;45.182316;5.7335;;ARRET;1;
08/12/23 12:54:23;Rue Général Durand, Grenoble;45.18232;5.733511;;COLLECTE;3;
08/12/23 12:54:39;Rue Général Durand, Grenoble;45.182316;5.733546;;ARRET;18;
08/12/23 12:54:49;Rue Général Durand, Grenoble;45.182159;5.733508;6.0;HAUT LE PIED;6;
08/12/23 12:54:56;Rue Général Durand, Grenoble;45.18211;5.733464;;COLLECTE;1;
08/12/23 12:54:58;Rue Général Durand, Grenoble;45.182102;5.733451;;COLLECTE;1;
08/12/23 12:55:00;Rue Général Durand, Grenoble;45.182098;5.73344;;COLLECTE;0;
08/12/23 12:55:00;Rue Général Durand, Grenoble;45.182098;5.73344;;ARRET;2;
08/12/23 12:55:08;Rue Général Durand, Grenoble;45.182102;5.733414;;COLLECTE;1;
08/12/23 12:55:12;Rue Général Durand, Grenoble;45.182106;5.73341;;COLLECTE;2;
08/12/23 12:55:17;Rue Général Durand, Grenoble;45.182125;5.733405;;COLLECTE;0;
08/12/23 12:55:18;Rue Général Durand, Grenoble;45.182129;5.733403;;ARRET;1;
08/12/23 12:55:20;Rue Général Durand, Grenoble;45.18214;5.733392;0.0;ARRET;3;
08/12/23 12:55:29;Rue Général Durand, Grenoble;45.182121;5.733417;;COLLECTE;2;
08/12/23 12:55:33;Rue Général Durand, Grenoble;45.18211;5.733431;;COLLECTE;1;
08/12/23 12:55:37;Rue Général Durand, Grenoble;45.182098;5.733437;;COLLECTE;0;
08/12/23 12:55:40;Rue Général Durand, Grenoble;45.182095;5.733438;;ARRET;30;
08/12/23 12:55:58;Avenue Albert 1er de Belgique, Grenoble;45.181919;5.733721;;COLLECTE;0;
08/12/23 12:55:58;Avenue Albert 1er de Belgique, Grenoble;45.181919;5.733721;;COLLECTE;19;
08/12/23 12:56:04;;45.181812;5.73391;;COLLECTE;1;
08/12/23 12:56:05;;45.181808;5.733919;;ARRET;1;
08/12/23 12:56:09;;45.181801;5.733931;;ARRET;45;
08/12/23 12:56:21;Rue Général Durand, Grenoble;45.18195;5.733399;10.0;HAUT LE PIED;43;
08/12/23 12:56:27;Avenue Albert 1er de Belgique, Grenoble;45.181984;5.73285;23.0;HAUT LE PIED;16;
08/12/23 12:56:30;Rue Pierre Loti, Grenoble;45.182037;5.732661;18.0;HAUT LE PIED;17;
08/12/23 12:56:35;Rue Pierre Loti, Grenoble;45.182182;5.732707;11.0;HAUT LE PIED;4;
08/12/23 12:56:41;Rue Pierre Loti, Grenoble;45.182213;5.732715;;ARRET;5;
08/12/23 12:56:51;Rue Pierre Loti, Grenoble;45.182171;5.73275;;COLLECTE;0;
08/12/23 12:56:52;Rue Pierre Loti, Grenoble;45.182171;5.732749;;COLLECTE;1;
08/12/23 12:56:57;Rue Pierre Loti, Grenoble;45.182171;5.732758;;COLLECTE;0;
08/12/23 12:56:58;Rue Pierre Loti, Grenoble;45.182167;5.732758;;ARRET;0;
08/12/23 12:57:01;Rue Pierre Loti, Grenoble;45.182167;5.732758;;ARRET;11;
08/12/23 12:57:06;Rue Pierre Loti, Grenoble;45.18227;5.732765;0.0;ARRET;57;
08/12/23 12:57:24;Rue Pierre Loti, Grenoble;45.182785;5.732734;8.0;HAUT LE PIED;21;
08/12/23 12:57:40;Rue Pierre Loti, Grenoble;45.182972;5.73275;;ARRET;6;
08/12/23 12:57:54;Rue Pierre Loti, Grenoble;45.182919;5.732779;0.0;ARRET;3;
08/12/23 12:58:05;Rue Pierre Loti, Grenoble;45.182915;5.732817;;COLLECTE;3;
08/12/23 12:58:14;Rue Pierre Loti, Grenoble;45.182907;5.732853;;ARRET;2;
08/12/23 12:58:21;Rue Pierre Loti, Grenoble;45.182919;5.732843;;COLLECTE;7;
08/12/23 12:58:29;Rue Pierre Loti, Grenoble;45.182953;5.732762;;ARRET;0;
08/12/23 12:58:32;Rue Pierre Loti, Grenoble;45.182953;5.732759;;ARRET;24;
08/12/23 12:58:44;Rue Pierre Loti, Grenoble;45.183155;5.732657;23.0;HAUT LE PIED;18;
08/12/23 12:58:47;Rue Pierre Loti, Grenoble;45.183315;5.732684;20.0;HAUT LE PIED;17;
08/12/23 12:58:54;Rue Pierre Loti, Grenoble;45.18346;5.732602;8.0;HAUT LE PIED;8;
08/12/23 12:59:01;Rue Pierre Loti, Grenoble;45.183506;5.732524;;ARRET;4;
08/12/23 12:59:14;Boulevard des Diables Bleus, Grenoble;45.183544;5.732527;;COLLECTE;1;
08/12/23 12:59:16;Boulevard des Diables Bleus, Grenoble;45.183552;5.732531;;COLLECTE;1;
08/12/23 12:59:19;Boulevard des Diables Bleus, Grenoble;45.183556;5.732534;;COLLECTE;0;
08/12/23 12:59:22;Boulevard des Diables Bleus, Grenoble;45.183556;5.732535;;ARRET;1;
08/12/23 12:59:25;Boulevard des Diables Bleus, Grenoble;45.183559;5.732529;0.0;ARRET;34;
08/12/23 12:59:51;Chavant, Grenoble;45.183655;5.732121;;COLLECTE;3;
08/12/23 13:00:01;Chavant, Grenoble;45.183678;5.732115;;ARRET;5;
08/12/23 13:00:10;Chavant, Grenoble;45.183697;5.732056;6.0;HAUT LE PIED;17;
08/12/23 13:00:41;Place Pasteur, Grenoble;45.183712;5.731844;0.0;ARRET;30;
08/12/23 13:01:34;Place Pasteur, Grenoble;45.183701;5.731467;18.0;HAUT LE PIED;19;
08/12/23 13:01:37;Avenue Général Champon, Grenoble;45.183533;5.731486;25.0;HAUT LE PIED;19;
08/12/23 13:01:40;Avenue Général Champon, Grenoble;45.183392;5.731616;23.0;HAUT LE PIED;14;
08/12/23 13:01:43;Avenue Général Champon, Grenoble;45.183289;5.731724;13.0;HAUT LE PIED;20;
08/12/23 13:02:08;Avenue Général Champon, Grenoble;45.183125;5.731636;;COLLECTE;1;
08/12/23 13:02:11;Avenue Général Champon, Grenoble;45.183128;5.731631;;COLLECTE;0;
08/12/23 13:02:14;Avenue Général Champon, Grenoble;45.183128;5.731629;;COLLECTE;0;
08/12/23 13:02:17;Avenue Général Champon, Grenoble;45.183128;5.731626;;ARRET;3;
08/12/23 13:02:32;Avenue Général Champon, Grenoble;45.183155;5.731641;;COLLECTE;3;
08/12/23 13:02:52;Avenue Général Champon, Grenoble;45.183136;5.73167;;ARRET;0;
08/12/23 13:02:54;Avenue Général Champon, Grenoble;45.183136;5.731671;;ARRET;28;
08/12/23 13:03:13;Avenue Général Champon, Grenoble;45.182888;5.731665;10.0;HAUT LE PIED;19;
08/12/23 13:03:26;Avenue Général Champon, Grenoble;45.18272;5.731645;;ARRET;6;
08/12/23 13:03:39;Avenue Général Champon, Grenoble;45.18272;5.731571;;COLLECTE;2;
08/12/23 13:03:44;Avenue Général Champon, Grenoble;45.182709;5.731555;0.0;COLLECTE;0;
08/12/23 13:03:45;Avenue Général Champon, Grenoble;45.182709;5.731555;;ARRET;30;
08/12/23 13:03:59;Avenue Général Champon, Grenoble;45.182442;5.731496;9.0;HAUT LE PIED;32;
08/12/23 13:04:30;Avenue Général Champon, Grenoble;45.182159;5.731425;0.0;ARRET;0;
08/12/23 13:04:31;Avenue Général Champon, Grenoble;45.182159;5.731425;;COLLECTE;2;
08/12/23 13:04:38;Inconnu, Grenoble;45.182156;5.731403;;ARRET;1;
08/12/23 13:04:43;Inconnu, Grenoble;45.182156;5.731391;;COLLECTE;3;
08/12/23 13:04:51;Inconnu, Grenoble;45.182125;5.731389;;ARRET;16;
08/12/23 13:05:26;Avenue Général Champon, Grenoble;45.182041;5.731553;;COLLECTE;2;
08/12/23 13:05:28;Avenue Général Champon, Grenoble;45.182034;5.731574;;COLLECTE;2;
08/12/23 13:05:32;Avenue Général Champon, Grenoble;45.18203;5.731598;;COLLECTE;0;
08/12/23 13:05:35;Avenue Général Champon, Grenoble;45.18203;5.731602;;ARRET;3;
08/12/23 13:05:43;Avenue Général Champon, Grenoble;45.182022;5.731637;;COLLECTE;1;
08/12/23 13:06:10;Avenue Général Champon, Grenoble;45.18203;5.731651;;ARRET;0;
08/12/23 13:06:11;Avenue Général Champon, Grenoble;45.18203;5.731651;;ARRET;5;
08/12/23 13:06:30;Avenue Albert 1er de Belgique, Grenoble;45.181988;5.731643;8.0;HAUT LE PIED;11;
08/12/23 13:06:33;Avenue Albert 1er de Belgique, Grenoble;45.1819;5.731693;15.0;HAUT LE PIED;13;
08/12/23 13:06:36;Inconnu, Grenoble;45.181797;5.731767;19.0;HAUT LE PIED;70;
08/12/23 13:06:52;Rue du Colonel Bougault, Grenoble;45.181171;5.731724;10.0;HAUT LE PIED;10;
08/12/23 13:06:57;Inconnu, Grenoble;45.181171;5.731599;10.0;HAUT LE PIED;29;
08/12/23 13:07:10;Rue du Colonel Bougault, Grenoble;45.181175;5.73123;;ARRET;4;
08/12/23 13:07:19;Rue du Colonel Bougault, Grenoble;45.181213;5.731224;;COLLECTE;3;
08/12/23 13:07:28;Rue du Colonel Bougault, Grenoble;45.181232;5.731248;;ARRET;4;
08/12/23 13:07:56;Rue du Colonel Bougault, Grenoble;45.181271;5.731245;;ARRET;27;
08/12/23 13:08:08;Rue du Colonel Bougault, Grenoble;45.18121;5.730906;7.0;HAUT LE PIED;6;
08/12/23 13:08:13;Rue du Colonel Bougault, Grenoble;45.181179;5.730848;;ARRET;6;
08/12/23 13:08:22;Rue du Colonel Bougault, Grenoble;45.181149;5.730787;;COLLECTE;1;
08/12/23 13:08:29;Rue du Colonel Bougault, Grenoble;45.18116;5.730791;;ARRET;1;
08/12/23 13:08:33;Rue du Colonel Bougault, Grenoble;45.181156;5.730803;;COLLECTE;1;
08/12/23 13:08:36;Rue du Colonel Bougault, Grenoble;45.181156;5.73081;;COLLECTE;0;
08/12/23 13:08:39;Rue du Colonel Bougault, Grenoble;45.18116;5.73081;;COLLECTE;1;
08/12/23 13:08:42;Rue du Colonel Bougault, Grenoble;45.18116;5.730803;;ARRET;1;
08/12/23 13:08:47;Rue du Colonel Bougault, Grenoble;45.181168;5.730788;;COLLECTE;2;
08/12/23 13:08:53;Rue du Colonel Bougault, Grenoble;45.181175;5.730766;;ARRET;2;
08/12/23 13:09:01;Rue du Colonel Bougault, Grenoble;45.181175;5.730739;;ARRET;21;
08/12/23 13:09:11;Rue du Colonel Bougault, Grenoble;45.181171;5.730474;19.0;HAUT LE PIED;18;
08/12/23 13:09:14;Rue du Colonel Bougault, Grenoble;45.181126;5.730247;22.0;HAUT LE PIED;22;
08/12/23 13:09:22;Inconnu, Grenoble;45.18111;5.729971;;ARRET;5;
08/12/23 13:09:34;Rue du Colonel Bougault, Grenoble;45.181141;5.729933;;COLLECTE;2;
08/12/23 13:09:37;Rue du Colonel Bougault, Grenoble;45.181152;5.729947;;COLLECTE;6;
08/12/23 13:09:44;Rue du Colonel Bougault, Grenoble;45.181187;5.73;0.0;COLLECTE;0;
08/12/23 13:09:45;Rue du Colonel Bougault, Grenoble;45.181187;5.73;;COLLECTE;2;
08/12/23 13:09:50;Rue du Colonel Bougault, Grenoble;45.181206;5.730017;;ARRET;1;
08/12/23 13:09:57;Rue du Colonel Bougault, Grenoble;45.18121;5.730014;;COLLECTE;2;
08/12/23 13:10:05;Rue du Colonel Bougault, Grenoble;45.181225;5.73;;ARRET;0;
08/12/23 13:10:07;Rue du Colonel Bougault, Grenoble;45.181221;5.729998;;ARRET;26;
08/12/23 13:10:15;Rue du Colonel Bougault, Grenoble;45.181221;5.729672;20.0;HAUT LE PIED;19;
08/12/23 13:10:19;Rue Marcel Porte, Grenoble;45.181152;5.729448;14.0;HAUT LE PIED;9;
08/12/23 13:10:22;Rue Paul Janet, Grenoble;45.181068;5.72946;8.0;HAUT LE PIED;4;
08/12/23 13:10:25;Rue Paul Janet, Grenoble;45.181038;5.729482;;ARRET;6;
08/12/23 13:10:53;Rue Paul Janet, Grenoble;45.180988;5.729494;;COLLECTE;2;
08/12/23 13:11:00;Rue Paul Janet, Grenoble;45.180977;5.729506;;ARRET;0;
08/12/23 13:11:01;Rue Paul Janet, Grenoble;45.180977;5.729507;;ARRET;27;
08/12/23 13:11:24;Rue Paul Janet, Grenoble;45.180737;5.729553;6.0;HAUT LE PIED;27;
08/12/23 13:11:34;Rue Mallifaud, Grenoble;45.180695;5.729208;14.0;HAUT LE PIED;50;
08/12/23 13:12:05;Rue Mallifaud, Grenoble;45.180862;5.728619;8.0;HAUT LE PIED;33;
08/12/23 13:12:24;Rue Mallifaud, Grenoble;45.180969;5.728228;15.0;HAUT LE PIED;18;
08/12/23 13:12:27;Rue Nestor Cornier, Grenoble;45.181118;5.728149;20.0;HAUT LE PIED;70;
08/12/23 13:12:57;Gustave Rivet, Grenoble;45.181698;5.727803;0.0;ARRET;29;
08/12/23 13:14:11;Inconnu, Grenoble;45.181873;5.728076;17.0;HAUT LE PIED;8;
08/12/23 13:14:17;Inconnu, Grenoble;45.181862;5.728172;;ARRET;10;
08/12/23 13:14:30;Inconnu, Grenoble;45.181782;5.728233;;COLLECTE;0;
08/12/23 13:14:32;Inconnu, Grenoble;45.181786;5.728232;;COLLECTE;1;
08/12/23 13:14:36;Inconnu, Grenoble;45.181797;5.72824;;COLLECTE;1;
08/12/23 13:14:39;Inconnu, Grenoble;45.181801;5.728248;;ARRET;1;
08/12/23 13:14:41;Inconnu, Grenoble;45.181797;5.728258;0.0;ARRET;1;
08/12/23 13:14:43;Inconnu, Grenoble;45.181793;5.728263;;COLLECTE;2;
08/12/23 13:14:51;Inconnu, Grenoble;45.181786;5.728284;;ARRET;5;
08/12/23 13:15:00;Inconnu, Grenoble;45.181828;5.728308;;ARRET;21;
08/12/23 13:15:08;Avenue Albert 1er de Belgique, Grenoble;45.181953;5.728511;20.0;HAUT LE PIED;28;
08/12/23 13:15:13;Avenue Albert 1er de Belgique, Grenoble;45.18198;5.728863;15.0;HAUT LE PIED;9;
08/12/23 13:15:20;Avenue Albert 1er de Belgique, Grenoble;45.18198;5.728972;;ARRET;1;
08/12/23 13:15:22;Avenue Albert 1er de Belgique, Grenoble;45.181984;5.728986;;COLLECTE;3;
08/12/23 13:15:29;Avenue Albert 1er de Belgique, Grenoble;45.182014;5.728991;;ARRET;1;
08/12/23 13:15:30;Avenue Albert 1er de Belgique, Grenoble;45.182018;5.728986;;COLLECTE;3;
08/12/23 13:15:36;Avenue Albert 1er de Belgique, Grenoble;45.182045;5.728973;;ARRET;2;
08/12/23 13:15:43;Avenue Albert 1er de Belgique, Grenoble;45.18206;5.728978;0.0;ARRET;22;
08/12/23 13:16:02;Inconnu, Grenoble;45.181984;5.729235;;COLLECTE;3;
08/12/23 13:16:12;Inconnu, Grenoble;45.182003;5.729268;;ARRET;0;
08/12/23 13:16:15;Inconnu, Grenoble;45.182003;5.729269;;ARRET;3;
08/12/23 13:16:17;Inconnu, Grenoble;45.181999;5.729303;8.0;HAUT LE PIED;7;
08/12/23 13:16:20;Avenue Albert 1er de Belgique, Grenoble;45.18198;5.729384;9.0;HAUT LE PIED;10;
08/12/23 13:16:25;Avenue Albert 1er de Belgique, Grenoble;45.181965;5.729511;;ARRET;6;
08/12/23 13:16:40;Avenue Albert 1er de Belgique, Grenoble;45.181923;5.729458;;COLLECTE;2;
08/12/23 13:16:46;Avenue Albert 1er de Belgique, Grenoble;45.181934;5.729432;;ARRET;0;
08/12/23 13:16:51;Avenue Albert 1er de Belgique, Grenoble;45.181934;5.729434;0.0;ARRET;2;
08/12/23 13:17:00;Avenue Albert 1er de Belgique, Grenoble;45.181938;5.729454;;ARRET;0;
08/12/23 13:17:01;Avenue Albert 1er de Belgique, Grenoble;45.181938;5.729458;;ARRET;26;
08/12/23 13:17:10;Rue Paul Janet, Grenoble;45.181816;5.729746;14.0;HAUT LE PIED;17;
08/12/23 13:17:13;Rue Paul Janet, Grenoble;45.181664;5.72972;27.0;HAUT LE PIED;97;
08/12/23 13:17:25;Rue Paul Janet, Grenoble;45.180801;5.729591;19.0;HAUT LE PIED;12;
08/12/23 13:17:28;Rue Mallifaud, Grenoble;45.180763;5.729449;17.0;HAUT LE PIED;41;
08/12/23 13:17:35;Rue Mallifaud, Grenoble;45.180859;5.728941;26.0;HAUT LE PIED;43;
08/12/23 13:17:41;Rue Mallifaud, Grenoble;45.180943;5.7284;13.0;HAUT LE PIED;14;
08/12/23 13:17:44;Rue Nestor Cornier, Grenoble;45.181042;5.728294;20.0;HAUT LE PIED;91;
08/12/23 13:18:04;Rue Nestor Cornier, Grenoble;45.181763;5.727752;22.0;HAUT LE PIED;17;
08/12/23 13:18:07;Avenue Albert 1er de Belgique, Grenoble;45.181911;5.727787;10.0;HAUT LE PIED;80;
08/12/23 13:18:23;Boulevard Maréchal Joffre, Grenoble;45.182411;5.728521;27.0;HAUT LE PIED;25;
08/12/23 13:18:27;Boulevard Maréchal Joffre, Grenoble;45.182468;5.728824;17.0;HAUT LE PIED;16;
08/12/23 13:18:44;Boulevard Maréchal Joffre, Grenoble;45.182503;5.729024;;COLLECTE;0;
08/12/23 13:18:44;Boulevard Maréchal Joffre, Grenoble;45.182503;5.729024;;COLLECTE;1;
08/12/23 13:18:50;Boulevard Maréchal Joffre, Grenoble;45.182503;5.729017;;COLLECTE;0;
08/12/23 13:18:50;Boulevard Maréchal Joffre, Grenoble;45.182503;5.729017;;ARRET;1;
08/12/23 13:18:56;Boulevard Maréchal Joffre, Grenoble;45.182507;5.729009;;COLLECTE;0;
08/12/23 13:18:58;Boulevard Maréchal Joffre, Grenoble;45.18251;5.729011;0.0;COLLECTE;1;
08/12/23 13:19:02;Boulevard Maréchal Joffre, Grenoble;45.182518;5.72901;;ARRET;1;
08/12/23 13:19:04;Boulevard Maréchal Joffre, Grenoble;45.182514;5.729014;;ARRET;29;
08/12/23 13:19:19;Boulevard Maréchal Joffre, Grenoble;45.18264;5.729339;15.0;HAUT LE PIED;16;
08/12/23 13:19:22;Boulevard Maréchal Joffre, Grenoble;45.182682;5.729531;14.0;HAUT LE PIED;7;
08/12/23 13:19:29;Boulevard Maréchal Joffre, Grenoble;45.182724;5.729602;;ARRET;8;
08/12/23 13:19:36;Boulevard Maréchal Joffre, Grenoble;45.1828;5.729606;;COLLECTE;7;
08/12/23 13:19:52;Boulevard Maréchal Joffre, Grenoble;45.182861;5.729604;0.0;COLLECTE;0;
08/12/23 13:19:55;Boulevard Maréchal Joffre, Grenoble;45.182858;5.729604;;ARRET;0;
08/12/23 13:19:57;Boulevard Maréchal Joffre, Grenoble;45.182861;5.729605;;ARRET;22;
08/12/23 13:20:09;Boulevard Maréchal Joffre, Grenoble;45.182926;5.729875;;ARRET;3;
08/12/23 13:20:15;Boulevard Maréchal Joffre, Grenoble;45.182903;5.729868;;COLLECTE;1;
08/12/23 13:20:17;Boulevard Maréchal Joffre, Grenoble;45.182896;5.729867;;COLLECTE;1;
08/12/23 13:20:21;Boulevard Maréchal Joffre, Grenoble;45.182892;5.729863;;COLLECTE;0;
08/12/23 13:20:25;Boulevard Maréchal Joffre, Grenoble;45.182892;5.729862;;ARRET;6;
08/12/23 13:20:35;Boulevard Maréchal Joffre, Grenoble;45.182911;5.729938;11.0;HAUT LE PIED;21;
08/12/23 13:20:52;Boulevard Maréchal Joffre, Grenoble;45.183067;5.730099;;COLLECTE;0;
08/12/23 13:20:52;Boulevard Maréchal Joffre, Grenoble;45.183067;5.730099;;COLLECTE;2;
08/12/23 13:20:59;Boulevard Maréchal Joffre, Grenoble;45.183086;5.730096;;COLLECTE;0;
08/12/23 13:21:00;Boulevard Maréchal Joffre, Grenoble;45.183086;5.730096;;ARRET;3;
08/12/23 13:21:06;Boulevard Maréchal Joffre, Grenoble;45.183094;5.730129;0.0;ARRET;0;
08/12/23 13:21:07;Boulevard Maréchal Joffre, Grenoble;45.183094;5.730129;;COLLECTE;1;
08/12/23 13:21:16;Boulevard Maréchal Joffre, Grenoble;45.18309;5.730132;;ARRET;28;
08/12/23 13:21:30;Boulevard Maréchal Joffre, Grenoble;45.183243;5.730408;8.0;HAUT LE PIED;9;
08/12/23 13:21:33;Boulevard Maréchal Joffre, Grenoble;45.183216;5.730517;8.0;HAUT LE PIED;10;
08/12/23 13:21:36;Boulevard Maréchal Joffre, Grenoble;45.18314;5.730582;11.0;HAUT LE PIED;13;
08/12/23 13:21:39;Rue Paul Janet, Grenoble;45.183025;5.730605;13.0;HAUT LE PIED;18;
08/12/23 13:22:09;Rue Paul Janet, Grenoble;45.182869;5.730563;0.0;ARRET;7;
08/12/23 13:22:22;Rue Paul Janet, Grenoble;45.182861;5.730649;;COLLECTE;3;
08/12/23 13:22:33;Rue Paul Janet, Grenoble;45.182846;5.730678;;ARRET;3;
08/12/23 13:22:42;Rue Paul Janet, Grenoble;45.182861;5.730651;;COLLECTE;2;
08/12/23 13:22:53;Rue Paul Janet, Grenoble;45.182865;5.730628;;ARRET;4;
08/12/23 13:23:02;Rue Paul Janet, Grenoble;45.182877;5.730576;;COLLECTE;0;
08/12/23 13:23:14;Rue Paul Janet, Grenoble;45.182877;5.730576;;ARRET;0;
08/12/23 13:23:38;Rue Paul Janet, Grenoble;45.182877;5.730579;;COLLECTE;0;
08/12/23 13:23:38;Rue Paul Janet, Grenoble;45.182877;5.730579;;COLLECTE;0;
08/12/23 13:23:50;Rue Paul Janet, Grenoble;45.182873;5.730577;;COLLECTE;0;
08/12/23 13:23:50;Rue Paul Janet, Grenoble;45.182873;5.730577;;ARRET;2;
08/12/23 13:24:02;Rue Paul Janet, Grenoble;45.18288;5.730598;;COLLECTE;0;
08/12/23 13:24:12;Rue Paul Janet, Grenoble;45.18288;5.730598;;ARRET;3;
08/12/23 13:24:24;Rue Paul Janet, Grenoble;45.182858;5.730583;;ARRET;28;
08/12/23 13:24:31;Rue Paul Janet, Grenoble;45.182602;5.730592;16.0;HAUT LE PIED;17;
08/12/23 13:24:34;Rue Paul Janet, Grenoble;45.182465;5.730487;22.0;HAUT LE PIED;36;
08/12/23 13:24:41;Rue Paul Janet, Grenoble;45.182213;5.730197;12.0;HAUT LE PIED;9;
08/12/23 13:24:45;Rue Paul Janet, Grenoble;45.182198;5.73008;;ARRET;7;
08/12/23 13:25:04;Rue Paul Janet, Grenoble;45.182209;5.729989;;COLLECTE;1;
08/12/23 13:25:12;Rue Paul Janet, Grenoble;45.182209;5.729996;0.0;COLLECTE;1;
08/12/23 13:25:21;Rue Paul Janet, Grenoble;45.182205;5.730009;;COLLECTE;3;
08/12/23 13:25:31;Rue Paul Janet, Grenoble;45.182198;5.730045;;COLLECTE;4;
08/12/23 13:25:43;Rue Paul Janet, Grenoble;45.182194;5.730098;;ARRET;2;
08/12/23 13:25:52;Rue Paul Janet, Grenoble;45.182182;5.730121;;COLLECTE;0;
08/12/23 13:26:04;Rue Paul Janet, Grenoble;45.182182;5.73012;;ARRET;16;
08/12/23 13:26:22;Rue Paul Janet, Grenoble;45.182045;5.730057;;COLLECTE;1;
08/12/23 13:26:26;Rue Paul Janet, Grenoble;45.182037;5.730057;;COLLECTE;0;
08/12/23 13:26:34;Rue Paul Janet, Grenoble;45.182034;5.730059;;COLLECTE;0;
08/12/23 13:26:43;Rue Paul Janet, Grenoble;45.18203;5.73006;;COLLECTE;0;
08/12/23 13:26:44;Rue Paul Janet, Grenoble;45.18203;5.73006;;COLLECTE;0;
08/12/23 13:26:48;Rue Paul Janet, Grenoble;45.18203;5.73006;;COLLECTE;11;
08/12/23 13:26:59;Avenue Albert 1er de Belgique, Grenoble;45.181927;5.730064;;COLLECTE;1;
08/12/23 13:27:04;Avenue Albert 1er de Belgique, Grenoble;45.181915;5.730059;;ARRET;0;
08/12/23 13:27:07;Avenue Albert 1er de Belgique, Grenoble;45.181915;5.730063;;COLLECTE;1;
08/12/23 13:27:12;Avenue Albert 1er de Belgique, Grenoble;45.181919;5.730077;;COLLECTE;1;
08/12/23 13:27:19;Avenue Albert 1er de Belgique, Grenoble;45.181923;5.730087;;COLLECTE;0;
08/12/23 13:27:20;Avenue Albert 1er de Belgique, Grenoble;45.181923;5.730086;;ARRET;2;
08/12/23 13:27:54;Avenue Albert 1er de Belgique, Grenoble;45.181904;5.730071;6.0;HAUT LE PIED;7;
08/12/23 13:28:25;Avenue Albert 1er de Belgique, Grenoble;45.18185;5.730105;0.0;ARRET;26;
08/12/23 13:28:56;Inconnu, Grenoble;45.181824;5.730436;9.0;HAUT LE PIED;24;
08/12/23 13:29:27;Avenue Albert 1er de Belgique, Grenoble;45.181927;5.730711;0.0;ARRET;26;
08/12/23 13:30:02;Avenue Albert 1er de Belgique, Grenoble;45.181942;5.731048;19.0;HAUT LE PIED;20;
08/12/23 13:30:05;Avenue Albert 1er de Belgique, Grenoble;45.181961;5.731305;18.0;HAUT LE PIED;16;
08/12/23 13:30:08;Avenue Albert 1er de Belgique, Grenoble;45.18195;5.731514;19.0;HAUT LE PIED;169;
08/12/23 13:30:39;Avenue Albert 1er de Belgique, Grenoble;45.181976;5.733671;0.0;ARRET;28;
08/12/23 13:30:48;Avenue Albert 1er de Belgique, Grenoble;45.181995;5.734024;20.0;HAUT LE PIED;27;
08/12/23 13:31:02;Boulevard Clemenceau, Grenoble;45.182034;5.734368;9.0;HAUT LE PIED;12;
08/12/23 13:31:05;Avenue Jean Perrot, Grenoble;45.18214;5.73435;16.0;HAUT LE PIED;71;
08/12/23 13:31:16;Avenue Jean Perrot, Grenoble;45.18272;5.733979;20.0;HAUT LE PIED;57;
08/12/23 13:31:23;Avenue Jean Perrot, Grenoble;45.183208;5.733777;35.0;HAUT LE PIED;91;
08/12/23 13:31:33;Place Paul Mistral, Grenoble;45.183979;5.733391;27.0;HAUT LE PIED;27;
08/12/23 13:32:04;Place Paul Mistral, Grenoble;45.184204;5.733266;0.0;ARRET;27;
08/12/23 13:32:18;Boulevard Maréchal Joffre, Grenoble;45.184418;5.733093;26.0;HAUT LE PIED;103;
08/12/23 13:32:42;Place Paul Mistral, Grenoble;45.18523;5.732455;10.0;HAUT LE PIED;19;
08/12/23 13:32:46;Place Paul Mistral, Grenoble;45.185398;5.732425;18.0;HAUT LE PIED;21;
08/12/23 13:32:49;Boulevard Jean Pain, Grenoble;45.185555;5.732563;27.0;HAUT LE PIED;88;
08/12/23 13:32:58;Boulevard Jean Pain, Grenoble;45.185917;5.733557;40.0;HAUT LE PIED;389;
08/12/23 13:33:29;Boulevard Jean Pain, Grenoble;45.187588;5.737909;52.0;HAUT LE PIED;334;
08/12/23 13:33:59;Boulevard Jean Pain, Grenoble;45.189087;5.741603;0.0;ARRET;30;
08/12/23 13:34:30;Boulevard Jean Pain, Grenoble;45.189255;5.741899;20.0;HAUT LE PIED;354;
08/12/23 13:35:00;Avenue de Verdun, La Tronche;45.191376;5.745263;43.0;HAUT LE PIED;351;
08/12/23 13:35:31;Avenue de Verdun, La Tronche;45.193592;5.748444;59.0;HAUT LE PIED;562;
08/12/23 13:36:01;Avenue de Verdun, La Tronche;45.197155;5.753516;62.0;HAUT LE PIED;491;
08/12/23 13:36:30;Avenue de Verdun, La Tronche;45.200096;5.758182;27.0;HAUT LE PIED;77;
08/12/23 13:36:51;Chemin de la Tuilerie, La Tronche;45.200394;5.759069;23.0;HAUT LE PIED;17;
08/12/23 13:36:54;Chemin de la Tuilerie, La Tronche;45.200298;5.759243;25.0;HAUT LE PIED;106;
08/12/23 13:37:08;Chemin de la Tuilerie, La Tronche;45.199574;5.760121;31.0;HAUT LE PIED;159;
08/12/23 13:37:23;Chemin de la Tuilerie, La Tronche;45.198299;5.761024;12.0;HAUT LE PIED;11;
08/12/23 13:37:26;Chemin de la Tuilerie, La Tronche;45.198223;5.760937;14.0;HAUT LE PIED;12;
08/12/23 13:37:29;Inconnu, La Tronche;45.198265;5.760798;19.0;HAUT LE PIED;16;
08/12/23 13:37:32;Inconnu, La Tronche;45.198406;5.760745;21.0;HAUT LE PIED;24;
08/12/23 13:37:35;Inconnu, La Tronche;45.198605;5.760643;33.0;HAUT LE PIED;82;
08/12/23 13:37:44;Inconnu, La Tronche;45.199268;5.760191;34.0;HAUT LE PIED;24;
08/12/23 13:37:47;Inconnu, La Tronche;45.199348;5.759911;29.0;HAUT LE PIED;51;
08/12/23 13:37:53;Chemin de la Tuilerie, La Tronche;45.199257;5.759275;34.0;HAUT LE PIED;122;
08/12/23 13:38:07;Inconnu, La Tronche;45.198833;5.757843;22.0;HAUT LE PIED;11;
08/12/23 13:38:10;Inconnu, La Tronche;45.19875;5.757922;11.0;HAUT LE PIED;29;
08/12/23 13:38:41;Inconnu, La Tronche;45.198509;5.75807;0.0;ARRET;26;
08/12/23 13:39:10;Inconnu, La Tronche;45.198284;5.758153;18.0;HAUT LE PIED;15;
08/12/23 13:39:14;Inconnu, La Tronche;45.198151;5.758187;13.0;HAUT LE PIED;29;
08/12/23 13:39:20;Inconnu, La Tronche;45.197891;5.758222;23.0;HAUT LE PIED;37;
08/12/23 13:39:25;Inconnu, La Tronche;45.197624;5.758496;24.0;HAUT LE PIED;26;
08/12/23 13:39:28;Inconnu, La Tronche;45.197437;5.758703;33.0;HAUT LE PIED;24;
08/12/23 13:39:31;Inconnu, La Tronche;45.197365;5.758995;31.0;HAUT LE PIED;26;
08/12/23 13:39:34;Inconnu, La Tronche;45.197453;5.759304;29.0;HAUT LE PIED;39;
08/12/23 13:39:39;Inconnu, La Tronche;45.197628;5.75974;28.0;HAUT LE PIED;20;
08/12/23 13:39:42;Inconnu, La Tronche;45.197788;5.759854;20.0;HAUT LE PIED;16;
08/12/23 13:39:45;Inconnu, La Tronche;45.197929;5.759871;20.0;HAUT LE PIED;17;
08/12/23 13:39:49;Inconnu, La Tronche;45.198078;5.75982;12.0;HAUT LE PIED;5;
08/12/23 13:40:09;Inconnu, La Tronche;45.198124;5.759802;;MARCHE ARRIERE;0;
08/12/23 13:40:20;Inconnu, La Tronche;45.198128;5.759804;0.0;MARCHE ARRIERE;0;
08/12/23 13:40:35;Inconnu, La Tronche;45.198132;5.759804;;VIDAGE;0;
08/12/23 13:43:48;Inconnu, La Tronche;45.198132;5.75981;;MARCHE ARRIERE;0;
08/12/23 13:43:54;Inconnu, La Tronche;45.198128;5.759811;;VIDAGE;36;
08/12/23 13:44:06;Inconnu, La Tronche;45.197803;5.759851;15.0;HAUT LE PIED;16;
08/12/23 13:44:09;Inconnu, La Tronche;45.197678;5.759763;15.0;HAUT LE PIED;22;
08/12/23 13:44:12;Inconnu, La Tronche;45.19754;5.759559;27.0;HAUT LE PIED;50;
08/12/23 13:44:20;Inconnu, La Tronche;45.197395;5.758956;14.0;HAUT LE PIED;14;
08/12/23 13:44:23;Inconnu, La Tronche;45.197449;5.758796;21.0;HAUT LE PIED;32;
08/12/23 13:44:27;Inconnu, La Tronche;45.197674;5.758533;28.0;HAUT LE PIED;31;
08/12/23 13:44:30;Inconnu, La Tronche;45.197929;5.758373;29.0;HAUT LE PIED;16;
08/12/23 13:44:34;Inconnu, La Tronche;45.198025;5.758229;11.0;HAUT LE PIED;11;
08/12/23 13:44:37;Inconnu, La Tronche;45.198124;5.758268;16.0;HAUT LE PIED;13;
08/12/23 13:44:40;Inconnu, La Tronche;45.198231;5.75834;14.0;HAUT LE PIED;11;
08/12/23 13:44:43;Inconnu, La Tronche;45.19833;5.758312;11.0;HAUT LE PIED;46;
08/12/23 13:45:13;Inconnu, La Tronche;45.1987;5.758063;0.0;ARRET;25;
08/12/23 13:45:45;Chemin de la Tuilerie, La Tronche;45.198929;5.758075;15.0;HAUT LE PIED;117;
08/12/23 13:45:59;Inconnu, La Tronche;45.199295;5.759478;25.0;HAUT LE PIED;21;
08/12/23 13:46:02;Inconnu, La Tronche;45.199326;5.759748;25.0;HAUT LE PIED;22;
08/12/23 13:46:05;Inconnu, La Tronche;45.199291;5.760019;24.0;HAUT LE PIED;22;
08/12/23 13:46:08;Inconnu, La Tronche;45.199116;5.760152;27.0;HAUT LE PIED;45;
08/12/23 13:46:13;Inconnu, La Tronche;45.198734;5.760332;36.0;HAUT LE PIED;93;
08/12/23 13:46:26;;45.19799;5.760867;19.0;HAUT LE PIED;15;
08/12/23 13:46:29;Chemin de la Tuilerie, La Tronche;45.198013;5.76105;16.0;HAUT LE PIED;15;
08/12/23 13:46:32;Chemin de la Tuilerie, La Tronche;45.198139;5.76112;21.0;HAUT LE PIED;27;
08/12/23 13:46:36;Chemin de la Tuilerie, La Tronche;45.198368;5.761;24.0;HAUT LE PIED;152;
08/12/23 13:46:55;Chemin de la Tuilerie, La Tronche;45.199596;5.760141;32.0;HAUT LE PIED;24;
08/12/23 13:46:58;Chemin de la Tuilerie, La Tronche;45.199764;5.759957;25.0;HAUT LE PIED;85;
08/12/23 13:47:16;Chemin du Champ Moutet, Meylan;45.200375;5.759297;11.0;HAUT LE PIED;6;
08/12/23 13:47:46;Chemin de la Tuilerie, Meylan;45.20042;5.759267;0.0;ARRET;31;
08/12/23 13:47:55;A 41s, Meylan;45.200626;5.759531;27.0;HAUT LE PIED;344;
08/12/23 13:48:18;A 41s, Meylan;45.201439;5.763769;72.0;HAUT LE PIED;724;
08/12/23 13:48:49;A 41s, Meylan;45.202812;5.772802;87.0;HAUT LE PIED;608;
08/12/23 13:49:16;Inconnu, Meylan;45.203651;5.780462;59.0;HAUT LE PIED;46;
08/12/23 13:49:19;Inconnu, Meylan;45.203548;5.781032;55.0;HAUT LE PIED;45;
08/12/23 13:49:22;Inconnu, Meylan;45.203308;5.781488;55.0;HAUT LE PIED;44;
08/12/23 13:49:25;Inconnu, Meylan;45.202965;5.781778;52.0;HAUT LE PIED;46;
08/12/23 13:49:28;Inconnu, Meylan;45.20256;5.78186;57.0;HAUT LE PIED;49;
08/12/23 13:49:31;Inconnu, Meylan;45.202129;5.781712;62.0;HAUT LE PIED;282;
08/12/23 13:49:46;Rocade Sud, Meylan;45.199722;5.780566;63.0;HAUT LE PIED;126;
08/12/23 13:49:53;Rocade Sud, Meylan;45.198586;5.780564;64.0;HAUT LE PIED;163;
08/12/23 13:50:02;Rocade Sud, Meylan;45.197174;5.781106;67.0;HAUT LE PIED;276;
08/12/23 13:50:16;Rocade Sud, Meylan;45.194759;5.781899;71.0;HAUT LE PIED;268;
08/12/23 13:50:30;Rocade Sud, Meylan;45.192352;5.78196;51.0;HAUT LE PIED;312;
08/12/23 13:51:01;Inconnu, Gières;45.189552;5.78187;36.0;HAUT LE PIED;170;
08/12/23 13:51:31;Rocade Sud, Gières;45.188026;5.781735;27.0;HAUT LE PIED;244;
08/12/23 13:51:58;Rocade Sud, Gières;45.185871;5.781147;38.0;HAUT LE PIED;242;
08/12/23 13:52:18;Rocade Sud, Saint-Martin-d'Hères;45.18383;5.780092;52.0;HAUT LE PIED;256;
08/12/23 13:52:41;Rocade Sud, Saint-Martin-d'Hères;45.181831;5.778465;23.0;HAUT LE PIED;138;
08/12/23 13:53:12;Rocade Sud, Saint-Martin-d'Hères;45.180862;5.777373;6.0;HAUT LE PIED;34;
08/12/23 13:53:43;Inconnu, Saint-Martin-d'Hères;45.180641;5.777081;8.0;HAUT LE PIED;189;
08/12/23 13:54:14;Rocade Sud, Saint-Martin-d'Hères;45.17944;5.775385;34.0;HAUT LE PIED;262;
08/12/23 13:54:40;Rocade Sud, Saint-Martin-d'Hères;45.17802;5.772719;44.0;HAUT LE PIED;437;
08/12/23 13:55:11;Rocade Sud, Saint-Martin-d'Hères;45.17572;5.768196;63.0;HAUT LE PIED;310;
08/12/23 13:55:27;Rocade Sud, Saint-Martin-d'Hères;45.17382;5.765306;67.0;HAUT LE PIED;310;
08/12/23 13:55:43;Rocade Sud, Saint-Martin-d'Hères;45.171711;5.762721;73.0;HAUT LE PIED;342;
08/12/23 13:56:01;Rocade Sud, Saint-Martin-d'Hères;45.169163;5.760286;55.0;HAUT LE PIED;452;
08/12/23 13:56:32;Rocade Sud, Saint-Martin-d'Hères;45.165699;5.757264;43.0;HAUT LE PIED;303;
08/12/23 13:57:03;Rocade Sud, Saint-Martin-d'Hères;45.163528;5.754936;34.0;HAUT LE PIED;362;
08/12/23 13:57:34;Rocade Sud, Saint-Martin-d'Hères;45.160938;5.752151;51.0;HAUT LE PIED;443;
08/12/23 13:58:05;Inconnu, Eybens;45.157776;5.748727;47.0;HAUT LE PIED;297;
08/12/23 13:58:35;Rocade Sud, Eybens;45.155735;5.746289;34.0;HAUT LE PIED;278;
08/12/23 13:59:05;Rocade Sud, Eybens;45.154095;5.743617;29.0;HAUT LE PIED;239;
08/12/23 13:59:36;Rocade Sud, Eybens;45.152916;5.74107;30.0;HAUT LE PIED;287;
08/12/23 13:59:58;Rocade Sud, Eybens;45.151817;5.737766;61.0;HAUT LE PIED;262;
08/12/23 14:00:20;Inconnu, Eybens;45.151199;5.73455;10.0;HAUT LE PIED;10;
08/12/23 14:00:23;Inconnu, Eybens;45.151226;5.734431;18.0;HAUT LE PIED;34;
08/12/23 14:00:29;D 269A, Eybens;45.151413;5.734096;25.0;HAUT LE PIED;28;
08/12/23 14:00:32;D 269A, Eybens;45.151657;5.734029;40.0;HAUT LE PIED;142;
08/12/23 14:00:44;Inconnu, Eybens;45.152935;5.733953;28.0;HAUT LE PIED;26;
08/12/23 14:00:47;Rond-Point Jean Monnet, Eybens;45.153133;5.734129;32.0;HAUT LE PIED;26;
08/12/23 14:00:50;Rue Le Corbusier, Eybens;45.153263;5.734402;30.0;HAUT LE PIED;98;
08/12/23 14:00:59;Rue Le Corbusier, Eybens;45.153305;5.735647;43.0;HAUT LE PIED;91;
08/12/23 14:01:09;Rue Le Corbusier, Eybens;45.153324;5.736804;14.0;HAUT LE PIED;8;
08/12/23 14:01:12;Rue Le Corbusier, Eybens;45.153267;5.736875;12.0;HAUT LE PIED;13;
08/12/23 14:01:15;Rue Le Corbusier, Eybens;45.15321;5.737023;21.0;HAUT LE PIED;18;
08/12/23 14:01:19;;45.153168;5.737244;19.0;HAUT LE PIED;16;
08/12/23 14:01:22;;45.153023;5.737271;24.0;HAUT LE PIED;31;
08/12/23 14:01:26;;45.152744;5.737318;29.0;HAUT LE PIED;27;
08/12/23 14:01:30;;45.152515;5.737422;17.0;HAUT LE PIED;11;
08/12/23 14:02:01;;45.152416;5.737458;0.0;DEPOT;2;
08/12/23 14:19:38;;45.152409;5.737431;;DEPOT;21;
08/12/23 14:19:54;;45.152596;5.73742;;DEPOT;57;
08/12/23 14:20:10;;45.153069;5.737697;11.0;HAUT LE PIED;10;
08/12/23 14:20:18;;45.153137;5.737622;;DEPOT;12;
08/12/23 14:20:27;;45.153069;5.737739;;DEPOT;14;
08/12/23 14:20:41;;45.15313;5.737587;0.0;DEPOT;5;
08/12/23 14:21:00;;45.153111;5.737524;;DEPOT;0;
