Date;Rue;Latitude;Longitude;Vitesse;Etat;Distance;Infos
22/11/23 04:50:34;Chemin des Acacias, La Tronche;45.197971;5.756432;;DEPOT;0;
22/11/23 04:50:34;Chemin des Acacias, La Tronche;45.197971;5.756432;;DEPOT;0;
22/11/23 04:50:35;Chemin des Acacias, La Tronche;45.197971;5.756432;;DEPOT;0;
22/11/23 04:50:35;Chemin des Acacias, La Tronche;45.197971;5.756432;;DEPOT;0;
22/11/23 04:50:35;Chemin des Acacias, La Tronche;45.197971;5.756432;;DEPOT;0;
22/11/23 04:50:35;Chemin des Acacias, La Tronche;45.197971;5.756432;;DEPOT;0;
22/11/23 04:50:47;Chemin des Acacias, La Tronche;45.197971;5.756432;6.0;HAUT LE PIED;6;
22/11/23 04:51:18;Chemin des Acacias, La Tronche;45.197918;5.756412;0.0;DEPOT;2;
22/11/23 04:54:22;Chemin des Acacias, La Tronche;45.197926;5.756389;;DEPOT;0;
22/11/23 04:54:22;Chemin des Acacias, La Tronche;45.197926;5.756389;;DEPOT;15;
22/11/23 04:55:09;Inconnu, La Tronche;45.198059;5.756441;;DEPOT;0;
22/11/23 04:55:10;Inconnu, La Tronche;45.198059;5.756441;;DEPOT;11;
22/11/23 04:55:33;Inconnu, La Tronche;45.198105;5.756569;;DEPOT;0;
22/11/23 04:55:33;Inconnu, La Tronche;45.198105;5.756569;;DEPOT;0;
22/11/23 04:55:35;Inconnu, La Tronche;45.198105;5.75657;;DEPOT;0;
22/11/23 04:55:35;Inconnu, La Tronche;45.198105;5.75657;;DEPOT;35;
22/11/23 05:03:39;Inconnu, La Tronche;45.197979;5.756979;16.0;HAUT LE PIED;18;
22/11/23 05:03:43;Inconnu, La Tronche;45.198048;5.757182;15.0;HAUT LE PIED;17;
22/11/23 05:03:46;Inconnu, La Tronche;45.1982;5.757133;23.0;HAUT LE PIED;34;
22/11/23 05:03:52;Inconnu, La Tronche;45.198494;5.757001;17.0;HAUT LE PIED;14;
22/11/23 05:03:55;Chemin de la Tuilerie, La Tronche;45.198586;5.757121;19.0;HAUT LE PIED;19;
22/11/23 05:03:58;Chemin de la Tuilerie, La Tronche;45.198669;5.75734;30.0;HAUT LE PIED;132;
22/11/23 05:04:11;Chemin de la Tuilerie, La Tronche;45.19915;5.758884;43.0;HAUT LE PIED;54;
22/11/23 05:04:16;Chemin de la Tuilerie, La Tronche;45.199345;5.759519;35.0;HAUT LE PIED;36;
22/11/23 05:04:20;Chemin de la Tuilerie, La Tronche;45.199593;5.759819;30.0;HAUT LE PIED;23;
22/11/23 05:04:23;Chemin de la Tuilerie, La Tronche;45.199791;5.759892;26.0;HAUT LE PIED;22;
22/11/23 05:04:26;Chemin de la Tuilerie, La Tronche;45.199959;5.759747;27.0;HAUT LE PIED;67;
22/11/23 05:04:33;Chemin de la Tuilerie, Meylan;45.200432;5.759217;34.0;HAUT LE PIED;22;
22/11/23 05:04:36;A 41s, Meylan;45.200611;5.759343;29.0;HAUT LE PIED;116;
22/11/23 05:04:46;A 41s, Meylan;45.200928;5.76075;52.0;HAUT LE PIED;632;
22/11/23 05:05:17;A 41s, Meylan;45.202293;5.768575;87.0;HAUT LE PIED;653;
22/11/23 05:05:44;Inconnu, Meylan;45.203358;5.776769;88.0;HAUT LE PIED;310;
22/11/23 05:05:58;Inconnu, Meylan;45.20364;5.780697;62.0;HAUT LE PIED;49;
22/11/23 05:06:01;Inconnu, Meylan;45.203461;5.781268;58.0;HAUT LE PIED;49;
22/11/23 05:06:04;Inconnu, Meylan;45.203121;5.781672;60.0;HAUT LE PIED;52;
22/11/23 05:06:07;Inconnu, Meylan;45.202679;5.781868;63.0;HAUT LE PIED;56;
22/11/23 05:06:10;Inconnu, Meylan;45.202183;5.781768;70.0;HAUT LE PIED;324;
22/11/23 05:06:25;Rocade Sud, Meylan;45.199402;5.780532;87.0;HAUT LE PIED;143;
22/11/23 05:06:31;Rocade Sud, Meylan;45.19812;5.780713;86.0;HAUT LE PIED;391;
22/11/23 05:06:47;Rocade Sud, Meylan;45.194717;5.781942;87.0;HAUT LE PIED;273;
22/11/23 05:06:59;Rocade Sud, Meylan;45.192265;5.781944;77.0;HAUT LE PIED;365;
22/11/23 05:07:17;Inconnu, Gières;45.188992;5.781689;51.0;HAUT LE PIED;49;
22/11/23 05:07:20;Inconnu, Gières;45.188641;5.781315;60.0;HAUT LE PIED;131;
22/11/23 05:07:28;Inconnu, Gières;45.187855;5.780068;47.0;HAUT LE PIED;38;
22/11/23 05:07:31;Inconnu, Gières;45.187813;5.779583;48.0;HAUT LE PIED;38;
22/11/23 05:07:34;Avenue de Vignate, Gières;45.187988;5.779171;49.0;HAUT LE PIED;60;
22/11/23 05:07:38;Avenue de Vignate, Gières;45.188389;5.778663;56.0;HAUT LE PIED;47;
22/11/23 05:07:42;Inconnu, Gières;45.188786;5.778453;36.0;HAUT LE PIED;32;
22/11/23 05:07:45;Allée du Pérou, Gières;45.189068;5.778503;36.0;HAUT LE PIED;30;
22/11/23 05:08:16;Allée du Pérou, Gières;45.189278;5.778733;0.0;ARRET;1;
22/11/23 05:08:26;Allée du Pérou, Gières;45.189274;5.778736;;COLLECTE;0;
22/11/23 05:08:26;Allée du Pérou, Gières;45.189274;5.778736;;COLLECTE;0;
22/11/23 05:08:27;Allée du Pérou, Gières;45.189274;5.778736;;COLLECTE;0;
22/11/23 05:08:54;Allée du Pérou, Gières;45.189274;5.778737;;COLLECTE;0;
22/11/23 05:08:54;Allée du Pérou, Gières;45.189274;5.778737;;COLLECTE;0;
22/11/23 05:08:54;Allée du Pérou, Gières;45.189274;5.778737;;ARRET;0;
22/11/23 05:09:01;Allée du Pérou, Gières;45.189274;5.778737;;COLLECTE;0;
22/11/23 05:09:01;Allée du Pérou, Gières;45.189274;5.778737;;COLLECTE;0;
22/11/23 05:09:01;Allée du Pérou, Gières;45.189274;5.778737;;COLLECTE;0;
22/11/23 05:09:17;Allée du Pérou, Gières;45.189274;5.778737;;COLLECTE;0;
22/11/23 05:09:17;Allée du Pérou, Gières;45.189274;5.778737;;COLLECTE;0;
22/11/23 05:09:17;Allée du Pérou, Gières;45.189274;5.778737;;ARRET;4;
22/11/23 05:09:26;Allée du Pérou, Gières;45.189301;5.778762;;ARRET;22;
22/11/23 05:09:31;Allée du Pérou, Gières;45.189461;5.778918;23.0;HAUT LE PIED;49;
22/11/23 05:09:38;Allée du Pérou, Gières;45.189835;5.779252;27.0;HAUT LE PIED;22;
22/11/23 05:09:42;Allée du Pérou, Gières;45.190022;5.779327;10.0;HAUT LE PIED;2;
22/11/23 05:09:45;Allée du Pérou, Gières;45.190029;5.779346;;ARRET;1;
22/11/23 05:09:51;Allée du Pérou, Gières;45.190025;5.779356;;COLLECTE;0;
22/11/23 05:09:51;Allée du Pérou, Gières;45.190025;5.779356;;COLLECTE;0;
22/11/23 05:09:51;Allée du Pérou, Gières;45.190025;5.779356;;COLLECTE;1;
22/11/23 05:10:03;Allée du Pérou, Gières;45.190029;5.779353;;COLLECTE;0;
22/11/23 05:10:03;Allée du Pérou, Gières;45.190029;5.779353;;COLLECTE;0;
22/11/23 05:10:03;Allée du Pérou, Gières;45.190029;5.779353;;ARRET;0;
22/11/23 05:10:08;Allée du Pérou, Gières;45.190029;5.779353;;COLLECTE;0;
22/11/23 05:10:08;Allée du Pérou, Gières;45.190029;5.779353;;COLLECTE;0;
22/11/23 05:10:08;Allée du Pérou, Gières;45.190029;5.779353;;COLLECTE;0;
22/11/23 05:10:12;Allée du Pérou, Gières;45.190029;5.779353;0.0;COLLECTE;0;
22/11/23 05:10:36;Allée du Pérou, Gières;45.190025;5.779354;;COLLECTE;0;
22/11/23 05:10:36;Allée du Pérou, Gières;45.190025;5.779354;;COLLECTE;0;
22/11/23 05:10:36;Allée du Pérou, Gières;45.190025;5.779354;;ARRET;1;
22/11/23 05:10:40;Allée d'Independencia, Gières;45.190029;5.779365;;ARRET;28;
22/11/23 05:10:46;Allée d'Independencia, Gières;45.190029;5.779718;22.0;HAUT LE PIED;36;
22/11/23 05:10:54;Allée d'Independencia, Gières;45.189941;5.78016;;ARRET;1;
22/11/23 05:11:03;Allée d'Independencia, Gières;45.189934;5.78016;;COLLECTE;0;
22/11/23 05:11:03;Allée d'Independencia, Gières;45.189934;5.78016;;COLLECTE;0;
22/11/23 05:11:03;Allée d'Independencia, Gières;45.189934;5.78016;;COLLECTE;1;
22/11/23 05:11:16;Allée d'Independencia, Gières;45.189926;5.780167;;COLLECTE;0;
22/11/23 05:11:16;Allée d'Independencia, Gières;45.189926;5.780167;;COLLECTE;0;
22/11/23 05:11:16;Allée d'Independencia, Gières;45.189926;5.780167;;ARRET;2;
22/11/23 05:11:17;Allée d'Independencia, Gières;45.189919;5.780194;8.0;HAUT LE PIED;15;
22/11/23 05:11:32;Allée d'Independencia, Gières;45.18988;5.780371;;COLLECTE;0;
22/11/23 05:11:32;Allée d'Independencia, Gières;45.18988;5.780371;;COLLECTE;0;
22/11/23 05:11:32;Allée d'Independencia, Gières;45.18988;5.780371;;COLLECTE;1;
22/11/23 05:11:43;Allée d'Independencia, Gières;45.189884;5.780375;;COLLECTE;0;
22/11/23 05:11:43;Allée d'Independencia, Gières;45.189884;5.780375;;COLLECTE;0;
22/11/23 05:11:43;Allée d'Independencia, Gières;45.189884;5.780375;;ARRET;0;
22/11/23 05:11:48;Allée d'Independencia, Gières;45.189884;5.780373;0.0;ARRET;0;
22/11/23 05:11:50;Allée d'Independencia, Gières;45.189884;5.780373;;COLLECTE;0;
22/11/23 05:11:50;Allée d'Independencia, Gières;45.189884;5.780373;;COLLECTE;0;
22/11/23 05:11:50;Allée d'Independencia, Gières;45.189884;5.780373;;COLLECTE;0;
22/11/23 05:12:01;Allée d'Independencia, Gières;45.189884;5.780372;;COLLECTE;0;
22/11/23 05:12:01;Allée d'Independencia, Gières;45.189884;5.780372;;COLLECTE;0;
22/11/23 05:12:02;Allée d'Independencia, Gières;45.189884;5.780372;;ARRET;18;
22/11/23 05:12:13;Allée de Palestine, Gières;45.189926;5.780589;;ARRET;0;
22/11/23 05:12:13;Allée de Palestine, Gières;45.189926;5.780589;;MARCHE ARRIERE;16;
22/11/23 05:12:31;Allée de Palestine, Gières;45.189785;5.780542;;MARCHE ARRIERE;0;
22/11/23 05:12:31;Allée de Palestine, Gières;45.189785;5.780542;;ARRET;4;
22/11/23 05:12:59;Allée de Palestine, Gières;45.189766;5.780492;;COLLECTE;0;
22/11/23 05:12:59;Allée de Palestine, Gières;45.189766;5.780492;;COLLECTE;0;
22/11/23 05:12:59;Allée de Palestine, Gières;45.189766;5.780492;;COLLECTE;0;
22/11/23 05:13:12;Allée de Palestine, Gières;45.189766;5.780493;;COLLECTE;0;
22/11/23 05:13:12;Allée de Palestine, Gières;45.189766;5.780493;;COLLECTE;0;
22/11/23 05:13:12;Allée de Palestine, Gières;45.189766;5.780493;;ARRET;0;
22/11/23 05:13:17;Allée de Palestine, Gières;45.18977;5.780493;;COLLECTE;0;
22/11/23 05:13:17;Allée de Palestine, Gières;45.18977;5.780493;;COLLECTE;0;
22/11/23 05:13:17;Allée de Palestine, Gières;45.18977;5.780493;;COLLECTE;0;
22/11/23 05:13:27;Allée de Palestine, Gières;45.18977;5.780494;;COLLECTE;0;
22/11/23 05:13:27;Allée de Palestine, Gières;45.18977;5.780494;;COLLECTE;0;
22/11/23 05:13:27;Allée de Palestine, Gières;45.18977;5.780494;;ARRET;0;
22/11/23 05:13:32;Allée de Palestine, Gières;45.18977;5.780494;;COLLECTE;0;
22/11/23 05:13:32;Allée de Palestine, Gières;45.18977;5.780494;;COLLECTE;0;
22/11/23 05:13:32;Allée de Palestine, Gières;45.18977;5.780494;;COLLECTE;0;
22/11/23 05:13:42;Allée de Palestine, Gières;45.18977;5.780495;;COLLECTE;0;
22/11/23 05:13:42;Allée de Palestine, Gières;45.18977;5.780495;;COLLECTE;0;
22/11/23 05:13:42;Allée de Palestine, Gières;45.18977;5.780495;;ARRET;0;
22/11/23 05:13:47;Allée de Palestine, Gières;45.18977;5.780498;;COLLECTE;0;
22/11/23 05:13:47;Allée de Palestine, Gières;45.18977;5.780498;;COLLECTE;0;
22/11/23 05:13:47;Allée de Palestine, Gières;45.18977;5.780498;;COLLECTE;3;
22/11/23 05:13:57;Allée de Palestine, Gières;45.189774;5.780531;;COLLECTE;0;
22/11/23 05:13:57;Allée de Palestine, Gières;45.189774;5.780531;;COLLECTE;0;
22/11/23 05:13:57;Allée de Palestine, Gières;45.189774;5.780531;;ARRET;0;
22/11/23 05:14:02;Allée de Palestine, Gières;45.189774;5.780536;;COLLECTE;0;
22/11/23 05:14:02;Allée de Palestine, Gières;45.189774;5.780536;;COLLECTE;0;
22/11/23 05:14:02;Allée de Palestine, Gières;45.189774;5.780536;;COLLECTE;0;
22/11/23 05:14:14;Allée de Palestine, Gières;45.189774;5.780536;;COLLECTE;0;
22/11/23 05:14:14;Allée de Palestine, Gières;45.189774;5.780536;;COLLECTE;0;
22/11/23 05:14:14;Allée de Palestine, Gières;45.189774;5.780536;;ARRET;0;
22/11/23 05:14:19;Allée de Palestine, Gières;45.189774;5.780536;;COLLECTE;0;
22/11/23 05:14:19;Allée de Palestine, Gières;45.189774;5.780536;;COLLECTE;0;
22/11/23 05:14:19;Allée de Palestine, Gières;45.189774;5.780536;;COLLECTE;0;
22/11/23 05:14:30;Allée de Palestine, Gières;45.189774;5.780537;;COLLECTE;0;
22/11/23 05:14:30;Allée de Palestine, Gières;45.189774;5.780537;;COLLECTE;0;
22/11/23 05:14:30;Allée de Palestine, Gières;45.189774;5.780537;;ARRET;0;
22/11/23 05:14:34;Allée de Palestine, Gières;45.189774;5.780537;;ARRET;51;
22/11/23 05:14:46;Allée de Palestine, Gières;45.190208;5.780735;11.0;HAUT LE PIED;3;
22/11/23 05:14:49;Allée de Palestine, Gières;45.190235;5.78074;;ARRET;1;
22/11/23 05:14:54;Allée de Palestine, Gières;45.190231;5.780737;;COLLECTE;0;
22/11/23 05:14:54;Allée de Palestine, Gières;45.190231;5.780737;;COLLECTE;0;
22/11/23 05:14:54;Allée de Palestine, Gières;45.190231;5.780737;;COLLECTE;1;
22/11/23 05:15:05;Allée de Palestine, Gières;45.190235;5.780734;;COLLECTE;0;
22/11/23 05:15:05;Allée de Palestine, Gières;45.190235;5.780734;;COLLECTE;0;
22/11/23 05:15:05;Allée de Palestine, Gières;45.190235;5.780734;;ARRET;3;
22/11/23 05:15:10;Allée de Palestine, Gières;45.190258;5.780741;;ARRET;41;
22/11/23 05:15:17;Allée de Palestine, Gières;45.190609;5.780908;25.0;HAUT LE PIED;14;
22/11/23 05:15:20;Allée de Palestine, Gières;45.190731;5.780933;9.0;HAUT LE PIED;1;
22/11/23 05:15:22;Allée de Palestine, Gières;45.190742;5.780938;;ARRET;1;
22/11/23 05:15:28;Allée de Palestine, Gières;45.190754;5.780945;;ARRET;0;
22/11/23 05:15:28;Allée de Palestine, Gières;45.190754;5.780945;;COLLECTE;2;
22/11/23 05:15:37;Allée de Palestine, Gières;45.190773;5.780952;;COLLECTE;0;
22/11/23 05:15:37;Allée de Palestine, Gières;45.190773;5.780952;;ARRET;18;
22/11/23 05:15:50;Allée de Certèze, Gières;45.19091;5.780821;0.0;ARRET;0;
22/11/23 05:15:52;Allée de Certèze, Gières;45.190914;5.780822;;COLLECTE;0;
22/11/23 05:15:52;Allée de Certèze, Gières;45.190914;5.780822;;COLLECTE;0;
22/11/23 05:15:52;Allée de Certèze, Gières;45.190914;5.780822;;COLLECTE;1;
22/11/23 05:16:02;Allée de Certèze, Gières;45.190922;5.780825;;COLLECTE;0;
22/11/23 05:16:02;Allée de Certèze, Gières;45.190922;5.780825;;COLLECTE;0;
22/11/23 05:16:02;Allée de Certèze, Gières;45.190922;5.780825;;ARRET;21;
22/11/23 05:16:26;Allée de Certèze, Gières;45.190964;5.780562;;COLLECTE;0;
22/11/23 05:16:35;Allée de Certèze, Gières;45.190964;5.780562;;ARRET;1;
22/11/23 05:16:40;Allée de Certèze, Gières;45.190968;5.780557;;ARRET;4;
22/11/23 05:16:41;Allée de Certèze, Gières;45.190987;5.780509;12.0;HAUT LE PIED;71;
22/11/23 05:16:52;Allée de Certèze, Gières;45.191105;5.779615;20.0;HAUT LE PIED;15;
22/11/23 05:16:55;Allée du Pérou, Gières;45.190971;5.779601;18.0;HAUT LE PIED;14;
22/11/23 05:17:01;Allée du Pérou, Gières;45.190853;5.779554;;ARRET;2;
22/11/23 05:17:14;Allée du Pérou, Gières;45.190842;5.779568;;COLLECTE;0;
22/11/23 05:17:16;Allée du Pérou, Gières;45.190842;5.779568;;ARRET;0;
22/11/23 05:17:21;Allée du Pérou, Gières;45.190842;5.779568;;COLLECTE;0;
22/11/23 05:17:21;Allée du Pérou, Gières;45.190842;5.779568;;COLLECTE;0;
22/11/23 05:17:21;Allée du Pérou, Gières;45.190842;5.779568;;COLLECTE;0;
22/11/23 05:17:26;Allée du Pérou, Gières;45.190842;5.779568;0.0;COLLECTE;0;
22/11/23 05:17:44;Allée du Pérou, Gières;45.190842;5.779567;;COLLECTE;0;
22/11/23 05:17:44;Allée du Pérou, Gières;45.190842;5.779567;;COLLECTE;0;
22/11/23 05:17:44;Allée du Pérou, Gières;45.190842;5.779567;;ARRET;0;
22/11/23 05:17:50;Allée du Pérou, Gières;45.190842;5.779567;;COLLECTE;0;
22/11/23 05:17:50;Allée du Pérou, Gières;45.190842;5.779567;;COLLECTE;0;
22/11/23 05:17:50;Allée du Pérou, Gières;45.190842;5.779567;;COLLECTE;2;
22/11/23 05:18:03;Allée du Pérou, Gières;45.19083;5.779578;;COLLECTE;0;
22/11/23 05:18:03;Allée du Pérou, Gières;45.19083;5.779578;;COLLECTE;0;
22/11/23 05:18:03;Allée du Pérou, Gières;45.19083;5.779578;;ARRET;1;
22/11/23 05:18:08;Allée du Pérou, Gières;45.190819;5.779581;;ARRET;26;
22/11/23 05:18:15;Allée du Pérou, Gières;45.19059;5.779496;15.0;HAUT LE PIED;9;
22/11/23 05:18:18;Allée de Bethleem, Gières;45.190552;5.779396;8.0;HAUT LE PIED;25;
22/11/23 05:18:21;Allée de Bethleem, Gières;45.190647;5.779104;26.0;HAUT LE PIED;32;
22/11/23 05:18:25;Allée de Bethleem, Gières;45.190746;5.778726;23.0;HAUT LE PIED;10;
22/11/23 05:18:28;Allée de Roumanie, Gières;45.190838;5.778745;11.0;HAUT LE PIED;12;
22/11/23 05:18:31;Allée de Roumanie, Gières;45.190926;5.778841;16.0;HAUT LE PIED;47;
22/11/23 05:18:42;Allée de Roumanie, Gières;45.191242;5.779241;;ARRET;1;
22/11/23 05:18:51;Allée de Roumanie, Gières;45.191242;5.779249;;COLLECTE;0;
22/11/23 05:18:51;Allée de Roumanie, Gières;45.191242;5.779249;;COLLECTE;0;
22/11/23 05:18:51;Allée de Roumanie, Gières;45.191242;5.779249;;COLLECTE;1;
22/11/23 05:19:01;Allée de Roumanie, Gières;45.191242;5.779242;;COLLECTE;0;
22/11/23 05:19:01;Allée de Roumanie, Gières;45.191242;5.779242;;COLLECTE;0;
22/11/23 05:19:01;Allée de Roumanie, Gières;45.191242;5.779242;;ARRET;0;
22/11/23 05:19:02;Allée de Roumanie, Gières;45.191242;5.779242;0.0;ARRET;2;
22/11/23 05:19:08;Allée de Roumanie, Gières;45.191257;5.779258;;ARRET;13;
22/11/23 05:19:14;Allée de Roumanie, Gières;45.191334;5.779389;;ARRET;1;
22/11/23 05:19:21;Allée de Roumanie, Gières;45.191345;5.7794;;COLLECTE;0;
22/11/23 05:19:21;Allée de Roumanie, Gières;45.191345;5.7794;;COLLECTE;0;
22/11/23 05:19:21;Allée de Roumanie, Gières;45.191345;5.7794;;COLLECTE;2;
22/11/23 05:19:33;Allée de Roumanie, Gières;45.191349;5.77942;;COLLECTE;0;
22/11/23 05:19:33;Allée de Roumanie, Gières;45.191349;5.77942;;COLLECTE;0;
22/11/23 05:19:33;Allée de Roumanie, Gières;45.191349;5.77942;;ARRET;3;
22/11/23 05:19:38;Allée de Roumanie, Gières;45.19136;5.779451;;ARRET;7;
22/11/23 05:19:40;Allée de Roumanie, Gières;45.191395;5.779521;13.0;HAUT LE PIED;13;
22/11/23 05:19:43;Allée de Roumanie, Gières;45.191441;5.779674;17.0;HAUT LE PIED;11;
22/11/23 05:19:46;Allée de Roumanie, Gières;45.191544;5.779663;12.0;HAUT LE PIED;11;
22/11/23 05:19:49;Allée de Roumanie, Gières;45.191608;5.779563;15.0;HAUT LE PIED;6;
22/11/23 05:19:51;Allée de Roumanie, Gières;45.191563;5.779517;;ARRET;4;
22/11/23 05:19:54;Allée de Roumanie, Gières;45.191528;5.779502;;ARRET;0;
22/11/23 05:19:54;Allée de Roumanie, Gières;45.191528;5.779502;;MARCHE ARRIERE;6;
22/11/23 05:20:06;Allée de Roumanie, Gières;45.191547;5.77958;;ARRET;0;
22/11/23 05:20:07;Allée de Roumanie, Gières;45.191547;5.779577;;ARRET;1;
22/11/23 05:20:11;Allée de Roumanie, Gières;45.191544;5.779567;;COLLECTE;0;
22/11/23 05:20:11;Allée de Roumanie, Gières;45.19154;5.779565;;COLLECTE;0;
22/11/23 05:20:11;Allée de Roumanie, Gières;45.19154;5.779565;;COLLECTE;1;
22/11/23 05:20:20;Allée de Roumanie, Gières;45.191536;5.779555;0.0;COLLECTE;0;
22/11/23 05:20:24;Allée de Roumanie, Gières;45.191536;5.779555;;COLLECTE;0;
22/11/23 05:20:24;Allée de Roumanie, Gières;45.191536;5.779555;;COLLECTE;0;
22/11/23 05:20:24;Allée de Roumanie, Gières;45.191536;5.779555;;ARRET;0;
22/11/23 05:20:27;Allée de Roumanie, Gières;45.191536;5.779555;;ARRET;28;
22/11/23 05:20:35;Allée de Roumanie, Gières;45.19133;5.779346;23.0;HAUT LE PIED;68;
22/11/23 05:20:44;Allée de Roumanie, Gières;45.190876;5.778761;26.0;HAUT LE PIED;19;
22/11/23 05:20:47;Allée de Bethleem, Gières;45.190784;5.778561;17.0;HAUT LE PIED;9;
22/11/23 05:20:50;Allée de Bethleem, Gières;45.190796;5.77845;9.0;HAUT LE PIED;14;
22/11/23 05:20:53;Avenue de Vignate, Gières;45.190708;5.778331;24.0;HAUT LE PIED;19;
22/11/23 05:20:56;Avenue de Vignate, Gières;45.19054;5.778291;25.0;HAUT LE PIED;172;
22/11/23 05:21:21;Inconnu, Gières;45.189007;5.778061;9.0;HAUT LE PIED;25;
22/11/23 05:21:26;Rue des Essarts, Gières;45.188812;5.777895;13.0;HAUT LE PIED;13;
22/11/23 05:21:30;Rue des Essarts, Gières;45.188713;5.777812;14.0;HAUT LE PIED;30;
22/11/23 05:21:41;Rue des Essarts, Gières;45.188488;5.7776;14.0;HAUT LE PIED;30;
22/11/23 05:21:48;Rue des Essarts, Gières;45.188282;5.777363;;ARRET;3;
22/11/23 05:22:01;Rue des Essarts, Gières;45.18829;5.777323;;COLLECTE;0;
22/11/23 05:22:01;Rue des Essarts, Gières;45.18829;5.777323;;COLLECTE;0;
22/11/23 05:22:01;Rue des Essarts, Gières;45.18829;5.777323;;COLLECTE;1;
22/11/23 05:22:12;Rue des Essarts, Gières;45.188286;5.777318;0.0;COLLECTE;0;
22/11/23 05:22:14;Rue des Essarts, Gières;45.188286;5.777318;;COLLECTE;0;
22/11/23 05:22:15;Rue des Essarts, Gières;45.188286;5.777318;;COLLECTE;0;
22/11/23 05:22:15;Rue des Essarts, Gières;45.188286;5.777318;;ARRET;0;
22/11/23 05:22:19;Rue des Essarts, Gières;45.188286;5.777319;;COLLECTE;0;
22/11/23 05:22:19;Rue des Essarts, Gières;45.188286;5.777319;;COLLECTE;0;
22/11/23 05:22:20;Rue des Essarts, Gières;45.188286;5.777319;;COLLECTE;0;
22/11/23 05:22:30;Rue des Essarts, Gières;45.188286;5.777319;;COLLECTE;0;
22/11/23 05:22:30;Rue des Essarts, Gières;45.188286;5.777319;;COLLECTE;0;
22/11/23 05:22:30;Rue des Essarts, Gières;45.188286;5.777319;;ARRET;2;
22/11/23 05:22:38;Rue des Essarts, Gières;45.188274;5.777308;;ARRET;24;
22/11/23 05:22:43;Rue des Essarts, Gières;45.188095;5.777137;23.0;HAUT LE PIED;65;
22/11/23 05:22:56;Rue des Essarts, Gières;45.187756;5.776455;;ARRET;6;
22/11/23 05:23:14;Rue des Essarts, Gières;45.187756;5.776384;;COLLECTE;0;
22/11/23 05:23:14;Rue des Essarts, Gières;45.187756;5.776384;;COLLECTE;0;
22/11/23 05:23:14;Rue des Essarts, Gières;45.187756;5.776384;;COLLECTE;3;
22/11/23 05:23:24;Rue Pré Cornu, Gières;45.187748;5.776353;;COLLECTE;0;
22/11/23 05:23:24;Rue Pré Cornu, Gières;45.187748;5.776353;;COLLECTE;0;
22/11/23 05:23:24;Rue Pré Cornu, Gières;45.187748;5.776353;;ARRET;3;
22/11/23 05:23:33;Rue Pré Cornu, Gières;45.187737;5.776312;;COLLECTE;0;
22/11/23 05:23:33;Rue Pré Cornu, Gières;45.187737;5.776312;;COLLECTE;0;
22/11/23 05:23:33;Rue Pré Cornu, Gières;45.187737;5.776312;;COLLECTE;1;
22/11/23 05:23:48;Rue Pré Cornu, Gières;45.187729;5.776299;;COLLECTE;0;
22/11/23 05:23:48;Rue Pré Cornu, Gières;45.187729;5.776299;;COLLECTE;0;
22/11/23 05:23:48;Rue Pré Cornu, Gières;45.187729;5.776299;;ARRET;1;
22/11/23 05:23:56;Rue Pré Cornu, Gières;45.187721;5.776288;;ARRET;25;
22/11/23 05:24:04;Rue Pré Cornu, Gières;45.187912;5.776109;21.0;HAUT LE PIED;26;
22/11/23 05:24:11;Rue Pré Cornu, Gières;45.188114;5.775931;;ARRET;12;
22/11/23 05:24:23;Rue Pré Cornu, Gières;45.188202;5.775848;;COLLECTE;0;
22/11/23 05:24:25;Rue Pré Cornu, Gières;45.188202;5.775847;;COLLECTE;0;
22/11/23 05:24:25;Rue Pré Cornu, Gières;45.188202;5.775847;;COLLECTE;1;
22/11/23 05:24:32;Rue Pré Cornu, Gières;45.188213;5.775842;;COLLECTE;0;
22/11/23 05:24:33;Rue Pré Cornu, Gières;45.188213;5.775842;;COLLECTE;0;
22/11/23 05:24:33;Rue Pré Cornu, Gières;45.188213;5.775842;;ARRET;0;
22/11/23 05:24:35;Rue Pré Cornu, Gières;45.188217;5.77584;0.0;ARRET;0;
22/11/23 05:24:36;Rue Pré Cornu, Gières;45.188217;5.77584;;ARRET;44;
22/11/23 05:24:47;Inconnu, Gières;45.188572;5.775585;11.0;HAUT LE PIED;4;
22/11/23 05:24:50;Rue Pré Cornu, Gières;45.188595;5.775539;;ARRET;1;
22/11/23 05:24:58;Rue Pré Cornu, Gières;45.188599;5.775532;;COLLECTE;0;
22/11/23 05:24:58;Rue Pré Cornu, Gières;45.188599;5.775532;;COLLECTE;0;
22/11/23 05:24:58;Rue Pré Cornu, Gières;45.188599;5.775532;;COLLECTE;2;
22/11/23 05:25:07;Rue Pré Cornu, Gières;45.188614;5.775517;;COLLECTE;0;
22/11/23 05:25:08;Rue Pré Cornu, Gières;45.188614;5.775517;;COLLECTE;0;
22/11/23 05:25:08;Rue Pré Cornu, Gières;45.188614;5.775517;;ARRET;7;
22/11/23 05:25:17;Rue Pré Cornu, Gières;45.188564;5.77546;0.0;ARRET;4;
22/11/23 05:25:23;Rue Pré Cornu, Gières;45.18853;5.77545;;COLLECTE;0;
22/11/23 05:25:23;Rue Pré Cornu, Gières;45.18853;5.77545;;COLLECTE;0;
22/11/23 05:25:23;Rue Pré Cornu, Gières;45.18853;5.77545;;COLLECTE;2;
22/11/23 05:25:32;Rue Pré Cornu, Gières;45.188511;5.775452;;COLLECTE;0;
22/11/23 05:25:32;Rue Pré Cornu, Gières;45.188511;5.775452;;COLLECTE;0;
22/11/23 05:25:32;Rue Pré Cornu, Gières;45.188511;5.775452;;ARRET;0;
22/11/23 05:25:38;Rue Pré Cornu, Gières;45.188511;5.775452;;COLLECTE;0;
22/11/23 05:25:38;Rue Pré Cornu, Gières;45.188511;5.775452;;COLLECTE;0;
22/11/23 05:25:38;Rue Pré Cornu, Gières;45.188511;5.775452;;COLLECTE;0;
22/11/23 05:25:47;Rue Pré Cornu, Gières;45.188511;5.775451;;COLLECTE;0;
22/11/23 05:25:47;Rue Pré Cornu, Gières;45.188511;5.775451;;COLLECTE;0;
22/11/23 05:25:47;Rue Pré Cornu, Gières;45.188511;5.775451;;ARRET;2;
22/11/23 05:25:52;Rue Pré Cornu, Gières;45.188499;5.77544;;ARRET;26;
22/11/23 05:26:01;Rue Pré Cornu, Gières;45.188347;5.775694;22.0;HAUT LE PIED;19;
22/11/23 05:26:04;Rue Pré Cornu, Gières;45.18821;5.77583;25.0;HAUT LE PIED;64;
22/11/23 05:26:15;Rue Pré Cornu, Gières;45.187737;5.776289;9.0;HAUT LE PIED;7;
22/11/23 05:26:18;Rue des Essarts, Gières;45.187706;5.776371;11.0;HAUT LE PIED;12;
22/11/23 05:26:21;Rue des Essarts, Gières;45.18774;5.776521;19.0;HAUT LE PIED;34;
22/11/23 05:26:30;Rue des Essarts, Gières;45.187908;5.776881;;ARRET;4;
22/11/23 05:26:42;Rue des Essarts, Gières;45.187939;5.776903;;COLLECTE;0;
22/11/23 05:26:42;Rue des Essarts, Gières;45.187939;5.776903;;COLLECTE;0;
22/11/23 05:26:42;Rue des Essarts, Gières;45.187939;5.776903;;COLLECTE;1;
22/11/23 05:26:52;Rue des Essarts, Gières;45.187943;5.776912;0.0;COLLECTE;0;
22/11/23 05:27:04;Rue des Essarts, Gières;45.187943;5.776912;;ALERTE;0;NC - Débordement - Surcharge
22/11/23 05:27:08;Rue des Essarts, Gières;45.187946;5.776913;;COLLECTE;0;
22/11/23 05:27:08;Rue des Essarts, Gières;45.187946;5.776913;;COLLECTE;0;
22/11/23 05:27:08;Rue des Essarts, Gières;45.187946;5.776913;;ARRET;10;
22/11/23 05:28:05;Rue des Essarts, Gières;45.187969;5.777042;;ARRET;18;
22/11/23 05:28:10;Rue des Essarts, Gières;45.188049;5.777236;20.0;HAUT LE PIED;17;
22/11/23 05:28:13;Rue de la Condamine, Gières;45.187984;5.777436;21.0;HAUT LE PIED;37;
22/11/23 05:28:22;Rue de la Condamine, Gières;45.187706;5.777688;;ARRET;12;
22/11/23 05:28:37;Rue de la Condamine, Gières;45.187614;5.77777;;COLLECTE;0;
22/11/23 05:28:37;Rue de la Condamine, Gières;45.187614;5.77777;;COLLECTE;0;
22/11/23 05:28:37;Rue de la Condamine, Gières;45.187614;5.77777;;COLLECTE;1;
22/11/23 05:28:44;Rue de la Condamine, Gières;45.187614;5.777761;0.0;COLLECTE;0;
22/11/23 05:28:47;Rue de la Condamine, Gières;45.187614;5.777761;;COLLECTE;0;
22/11/23 05:28:47;Rue de la Condamine, Gières;45.187614;5.777761;;COLLECTE;0;
22/11/23 05:28:47;Rue de la Condamine, Gières;45.187614;5.777761;;ARRET;1;
22/11/23 05:28:53;Rue de la Condamine, Gières;45.187603;5.777756;;COLLECTE;0;
22/11/23 05:28:53;Rue de la Condamine, Gières;45.187603;5.777756;;COLLECTE;0;
22/11/23 05:28:54;Rue de la Condamine, Gières;45.187603;5.777756;;COLLECTE;2;
22/11/23 05:29:01;Rue de la Condamine, Gières;45.187588;5.777749;;COLLECTE;0;
22/11/23 05:29:01;Rue de la Condamine, Gières;45.187588;5.777749;;COLLECTE;0;
22/11/23 05:29:01;Rue de la Condamine, Gières;45.187584;5.777747;;ARRET;1;
22/11/23 05:29:09;Rue de la Condamine, Gières;45.187576;5.777743;;COLLECTE;0;
22/11/23 05:29:09;Rue de la Condamine, Gières;45.187576;5.777743;;COLLECTE;0;
22/11/23 05:29:09;Rue de la Condamine, Gières;45.187576;5.777743;;COLLECTE;0;
22/11/23 05:29:18;Rue de la Condamine, Gières;45.187572;5.777742;;COLLECTE;0;
22/11/23 05:29:19;Rue de la Condamine, Gières;45.187572;5.777742;;COLLECTE;0;
22/11/23 05:29:19;Rue de la Condamine, Gières;45.187572;5.777742;;ARRET;0;
22/11/23 05:29:24;Rue de la Condamine, Gières;45.187572;5.777742;;ARRET;0;
22/11/23 05:29:24;Rue de la Condamine, Gières;45.187572;5.777742;;COLLECTE;0;
22/11/23 05:29:31;Rue de la Condamine, Gières;45.187572;5.777741;;COLLECTE;0;
22/11/23 05:29:31;Rue de la Condamine, Gières;45.187572;5.777741;;ARRET;15;
22/11/23 05:29:50;Rue de la Condamine, Gières;45.187496;5.777893;;COLLECTE;0;
22/11/23 05:29:50;Rue de la Condamine, Gières;45.187496;5.777893;;COLLECTE;0;
22/11/23 05:29:50;Rue de la Condamine, Gières;45.187496;5.777893;;COLLECTE;0;
22/11/23 05:29:59;Rue de la Condamine, Gières;45.1875;5.777892;;COLLECTE;0;
22/11/23 05:29:59;Rue de la Condamine, Gières;45.1875;5.777892;;COLLECTE;0;
22/11/23 05:29:59;Rue de la Condamine, Gières;45.1875;5.777892;;ARRET;0;
22/11/23 05:30:02;Rue de la Condamine, Gières;45.1875;5.777892;;COLLECTE;0;
22/11/23 05:30:02;Rue de la Condamine, Gières;45.1875;5.777892;;COLLECTE;0;
22/11/23 05:30:02;Rue de la Condamine, Gières;45.1875;5.777892;;COLLECTE;1;
22/11/23 05:30:13;Rue de la Condamine, Gières;45.187504;5.777897;;COLLECTE;0;
22/11/23 05:30:14;Rue de la Condamine, Gières;45.187504;5.777897;;COLLECTE;0;
22/11/23 05:30:14;Rue de la Condamine, Gières;45.187504;5.777897;;ARRET;1;
22/11/23 05:30:20;Rue de la Condamine, Gières;45.187515;5.777899;;COLLECTE;0;
22/11/23 05:30:20;Rue de la Condamine, Gières;45.187515;5.777899;;COLLECTE;0;
22/11/23 05:30:20;Rue de la Condamine, Gières;45.187515;5.777899;;COLLECTE;1;
22/11/23 05:30:30;Rue de la Condamine, Gières;45.187519;5.777907;;COLLECTE;0;
22/11/23 05:30:30;Rue de la Condamine, Gières;45.187519;5.777907;;COLLECTE;0;
22/11/23 05:30:30;Rue de la Condamine, Gières;45.187519;5.777907;;ARRET;1;
22/11/23 05:30:35;Rue de la Condamine, Gières;45.187515;5.777922;;ARRET;10;
22/11/23 05:30:38;Rue de la Condamine, Gières;45.187447;5.778011;14.0;HAUT LE PIED;58;
22/11/23 05:30:48;Rue de la Condamine, Gières;45.187096;5.778557;18.0;HAUT LE PIED;50;
22/11/23 05:30:58;Rue de la Condamine, Gières;45.186832;5.779069;17.0;HAUT LE PIED;19;
22/11/23 05:31:01;Rue de la Condamine, Gières;45.18668;5.779186;22.0;HAUT LE PIED;15;
22/11/23 05:31:07;Rue de la Condamine, Gières;45.186558;5.779263;;ARRET;2;
22/11/23 05:31:19;Rue de la Condamine, Gières;45.186543;5.779245;;COLLECTE;0;
22/11/23 05:31:19;Rue de la Condamine, Gières;45.186543;5.779245;;COLLECTE;0;
22/11/23 05:31:19;Rue de la Condamine, Gières;45.186543;5.779245;;COLLECTE;0;
22/11/23 05:31:31;Rue de la Condamine, Gières;45.186543;5.779244;;COLLECTE;0;
22/11/23 05:31:31;Rue de la Condamine, Gières;45.186543;5.779244;;COLLECTE;0;
22/11/23 05:31:31;Rue de la Condamine, Gières;45.186543;5.779244;;ARRET;0;
22/11/23 05:31:32;Rue de la Condamine, Gières;45.186543;5.779245;0.0;ARRET;0;
22/11/23 05:31:37;Rue de la Condamine, Gières;45.186543;5.779245;;ARRET;0;
22/11/23 05:31:38;Rue de la Condamine, Gières;45.186543;5.779245;;COLLECTE;0;
22/11/23 05:31:38;Rue de la Condamine, Gières;45.186543;5.779245;;COLLECTE;0;
22/11/23 05:31:48;Rue de la Condamine, Gières;45.186543;5.779245;;COLLECTE;0;
22/11/23 05:31:48;Rue de la Condamine, Gières;45.186543;5.779245;;COLLECTE;0;
22/11/23 05:31:48;Rue de la Condamine, Gières;45.186543;5.779245;;ARRET;0;
22/11/23 05:31:55;Rue de la Condamine, Gières;45.186543;5.779245;;COLLECTE;0;
22/11/23 05:31:55;Rue de la Condamine, Gières;45.186543;5.779245;;COLLECTE;0;
22/11/23 05:31:55;Rue de la Condamine, Gières;45.186543;5.779245;;COLLECTE;0;
22/11/23 05:32:06;Rue de la Condamine, Gières;45.186543;5.779244;;COLLECTE;0;
22/11/23 05:32:06;Rue de la Condamine, Gières;45.186543;5.779244;;COLLECTE;0;
22/11/23 05:32:06;Rue de la Condamine, Gières;45.186543;5.779244;;ARRET;0;
22/11/23 05:32:12;Rue de la Condamine, Gières;45.186543;5.779244;;COLLECTE;0;
22/11/23 05:32:12;Rue de la Condamine, Gières;45.186543;5.779244;;COLLECTE;0;
22/11/23 05:32:12;Rue de la Condamine, Gières;45.186543;5.779244;;COLLECTE;0;
22/11/23 05:32:23;Rue de la Condamine, Gières;45.186543;5.779243;;COLLECTE;0;
22/11/23 05:32:23;Rue de la Condamine, Gières;45.186543;5.779243;;COLLECTE;0;
22/11/23 05:32:23;Rue de la Condamine, Gières;45.186543;5.779243;;ARRET;0;
22/11/23 05:32:27;Rue de la Condamine, Gières;45.186543;5.779243;;COLLECTE;0;
22/11/23 05:32:27;Rue de la Condamine, Gières;45.186543;5.779243;;COLLECTE;0;
22/11/23 05:32:27;Rue de la Condamine, Gières;45.186543;5.779243;;COLLECTE;0;
22/11/23 05:32:41;Rue de la Condamine, Gières;45.186543;5.779243;;COLLECTE;0;
22/11/23 05:32:41;Rue de la Condamine, Gières;45.186543;5.779243;;COLLECTE;0;
22/11/23 05:32:41;Rue de la Condamine, Gières;45.186543;5.779243;;ARRET;0;
22/11/23 05:32:46;Rue de la Condamine, Gières;45.186543;5.779243;;COLLECTE;0;
22/11/23 05:32:46;Rue de la Condamine, Gières;45.186543;5.779243;;COLLECTE;0;
22/11/23 05:32:46;Rue de la Condamine, Gières;45.186543;5.779243;;COLLECTE;0;
22/11/23 05:33:00;Rue de la Condamine, Gières;45.186543;5.779243;;COLLECTE;0;
22/11/23 05:33:00;Rue de la Condamine, Gières;45.186543;5.779243;;COLLECTE;0;
22/11/23 05:33:00;Rue de la Condamine, Gières;45.186543;5.779243;;ARRET;0;
22/11/23 05:33:06;Rue de la Condamine, Gières;45.186543;5.779243;;ARRET;25;
22/11/23 05:33:22;Rue de la Condamine, Gières;45.186317;5.779291;18.0;HAUT LE PIED;7;
22/11/23 05:33:26;Rue de la Condamine, Gières;45.186256;5.779279;;ARRET;1;
22/11/23 05:33:34;Rue de la Condamine, Gières;45.18626;5.779267;;COLLECTE;0;
22/11/23 05:33:34;Rue de la Condamine, Gières;45.18626;5.779267;;COLLECTE;0;
22/11/23 05:33:34;Rue de la Condamine, Gières;45.18626;5.779267;;COLLECTE;1;
22/11/23 05:33:45;Rue de la Condamine, Gières;45.186264;5.779249;;COLLECTE;0;
22/11/23 05:33:45;Rue de la Condamine, Gières;45.186264;5.779249;;COLLECTE;0;
22/11/23 05:33:45;Rue de la Condamine, Gières;45.186264;5.779249;;ARRET;2;
22/11/23 05:33:49;Rue de la Condamine, Gières;45.186249;5.779248;;ARRET;14;
22/11/23 05:33:52;Rue de la Condamine, Gières;45.186127;5.779234;0.0;ARRET;94;
22/11/23 05:34:05;Rue de la Condamine, Gières;45.185318;5.778893;28.0;HAUT LE PIED;23;
22/11/23 05:34:08;Rue du Champ Roman, Saint-Martin-d'Hères;45.185135;5.77877;24.0;HAUT LE PIED;21;
22/11/23 05:34:11;Rue de l'Étang, Gières;45.184967;5.778881;27.0;HAUT LE PIED;119;
22/11/23 05:34:26;Rue de l'Étang, Gières;45.184086;5.77974;20.0;HAUT LE PIED;11;
22/11/23 05:34:29;Rue de l'Étang, Gières;45.184086;5.779878;12.0;HAUT LE PIED;9;
22/11/23 05:34:32;Rue de l'Étang, Gières;45.184166;5.779909;11.0;HAUT LE PIED;11;
22/11/23 05:34:35;Rue de l'Étang, Gières;45.184212;5.779785;11.0;HAUT LE PIED;11;
22/11/23 05:34:40;Rue de l'Étang, Gières;45.184269;5.779673;;ARRET;3;
22/11/23 05:34:47;Rue de l'Étang, Gières;45.184292;5.779653;;COLLECTE;0;
22/11/23 05:34:47;Rue de l'Étang, Gières;45.184292;5.779653;;COLLECTE;0;
22/11/23 05:34:47;Rue de l'Étang, Gières;45.184292;5.779653;;COLLECTE;1;
22/11/23 05:34:59;Rue de l'Étang, Gières;45.184292;5.779664;;COLLECTE;0;
22/11/23 05:34:59;Rue de l'Étang, Gières;45.184292;5.779664;;COLLECTE;0;
22/11/23 05:35:00;Rue de l'Étang, Gières;45.184292;5.779664;;ARRET;1;
22/11/23 05:35:04;Rue de l'Étang, Gières;45.184299;5.779658;;ARRET;4;
22/11/23 05:35:05;Rue de l'Étang, Gières;45.18433;5.779626;0.0;ARRET;106;
22/11/23 05:35:21;Rue de l'Étang, Gières;45.185123;5.778881;22.0;HAUT LE PIED;16;
22/11/23 05:35:24;Rue de la Condamine, Gières;45.185261;5.778917;18.0;HAUT LE PIED;41;
22/11/23 05:35:30;Rue de la Condamine, Gières;45.185593;5.779146;19.0;HAUT LE PIED;8;
22/11/23 05:35:34;Rue de la Condamine, Gières;45.185661;5.779171;;ARRET;3;
22/11/23 05:35:50;Rue de la Condamine, Gières;45.185684;5.779149;;COLLECTE;0;
22/11/23 05:35:52;Rue de la Condamine, Gières;45.185684;5.77915;;COLLECTE;0;
22/11/23 05:35:53;Rue de la Condamine, Gières;45.185684;5.77915;;COLLECTE;0;
22/11/23 05:36:00;Rue de la Condamine, Gières;45.185684;5.779154;0.0;COLLECTE;0;
22/11/23 05:36:06;Rue de la Condamine, Gières;45.185684;5.779154;;COLLECTE;0;
22/11/23 05:36:06;Rue de la Condamine, Gières;45.185684;5.779154;;COLLECTE;0;
22/11/23 05:36:06;Rue de la Condamine, Gières;45.185684;5.779154;;ARRET;3;
22/11/23 05:36:13;Rue de la Condamine, Gières;45.185711;5.779169;;ARRET;27;
22/11/23 05:36:23;Rue de la Condamine, Gières;45.18594;5.779272;;ARRET;3;
22/11/23 05:36:32;Rue de la Condamine, Gières;45.185909;5.779276;;ARRET;0;
22/11/23 05:36:32;Rue de la Condamine, Gières;45.185909;5.779276;;COLLECTE;1;
22/11/23 05:37:00;Rue de la Condamine, Gières;45.185909;5.779285;;COLLECTE;0;
22/11/23 05:37:00;Rue de la Condamine, Gières;45.185909;5.779285;;ARRET;4;
22/11/23 05:37:04;Rue de la Condamine, Gières;45.185944;5.779302;10.0;HAUT LE PIED;13;
22/11/23 05:37:14;Rue de la Condamine, Gières;45.186058;5.779335;;COLLECTE;0;
22/11/23 05:37:14;Rue de la Condamine, Gières;45.186058;5.779335;;COLLECTE;0;
22/11/23 05:37:14;Rue de la Condamine, Gières;45.186058;5.779335;;COLLECTE;4;
22/11/23 05:37:26;Rue de la Condamine, Gières;45.186024;5.779339;;COLLECTE;0;
22/11/23 05:37:26;Rue de la Condamine, Gières;45.186024;5.779339;;COLLECTE;0;
22/11/23 05:37:26;Rue de la Condamine, Gières;45.186024;5.779339;;ARRET;1;
22/11/23 05:37:30;Rue de la Condamine, Gières;45.186031;5.779342;;ARRET;19;
22/11/23 05:37:35;Rue de la Condamine, Gières;45.186203;5.779389;19.0;HAUT LE PIED;21;
22/11/23 05:37:39;Rue de la Condamine, Gières;45.186394;5.779408;11.0;HAUT LE PIED;7;
22/11/23 05:37:43;Rue de la Condamine, Gières;45.186459;5.7794;;ARRET;4;
22/11/23 05:37:52;Rue de la Condamine, Gières;45.186493;5.779379;;COLLECTE;0;
22/11/23 05:37:52;Rue de la Condamine, Gières;45.186493;5.779379;;COLLECTE;0;
22/11/23 05:37:52;Rue de la Condamine, Gières;45.186493;5.779379;;COLLECTE;1;
22/11/23 05:38:10;Rue de la Condamine, Gières;45.186497;5.779375;0.0;COLLECTE;0;
22/11/23 05:38:11;Rue de la Condamine, Gières;45.186497;5.779375;;COLLECTE;0;
22/11/23 05:38:11;Rue de la Condamine, Gières;45.186497;5.779375;;COLLECTE;0;
22/11/23 05:38:11;Rue de la Condamine, Gières;45.186497;5.779375;;ARRET;1;
22/11/23 05:38:21;Rue de la Condamine, Gières;45.186504;5.779379;;COLLECTE;0;
22/11/23 05:38:21;Rue de la Condamine, Gières;45.186504;5.779379;;COLLECTE;0;
22/11/23 05:38:21;Rue de la Condamine, Gières;45.186504;5.779379;;COLLECTE;1;
22/11/23 05:38:31;Rue de la Condamine, Gières;45.186508;5.779383;;COLLECTE;0;
22/11/23 05:38:31;Rue de la Condamine, Gières;45.186508;5.779383;;COLLECTE;0;
22/11/23 05:38:31;Rue de la Condamine, Gières;45.186508;5.779383;;ARRET;0;
22/11/23 05:38:39;Rue de la Condamine, Gières;45.186508;5.779383;;COLLECTE;0;
22/11/23 05:38:39;Rue de la Condamine, Gières;45.186508;5.779383;;COLLECTE;0;
22/11/23 05:38:39;Rue de la Condamine, Gières;45.186508;5.779383;;COLLECTE;0;
22/11/23 05:38:49;Rue de la Condamine, Gières;45.186508;5.779384;;COLLECTE;0;
22/11/23 05:38:49;Rue de la Condamine, Gières;45.186508;5.779384;;COLLECTE;0;
22/11/23 05:38:49;Rue de la Condamine, Gières;45.186508;5.779384;;ARRET;0;
22/11/23 05:38:57;Rue de la Condamine, Gières;45.186508;5.779385;;ARRET;0;
22/11/23 05:38:57;Rue de la Condamine, Gières;45.186508;5.779385;;COLLECTE;0;
22/11/23 05:39:06;Rue de la Condamine, Gières;45.186512;5.779386;;COLLECTE;0;
22/11/23 05:39:06;Rue de la Condamine, Gières;45.186512;5.779386;;ARRET;2;
22/11/23 05:39:11;Rue de la Condamine, Gières;45.186527;5.779386;;ARRET;25;
22/11/23 05:39:17;Rue de la Condamine, Gières;45.186745;5.779289;18.0;HAUT LE PIED;28;
22/11/23 05:39:21;Rue de la Condamine, Gières;45.186947;5.779076;28.0;HAUT LE PIED;45;
22/11/23 05:39:27;Rue de la Condamine, Gières;45.187183;5.778614;27.0;HAUT LE PIED;1;
22/11/23 05:39:30;Rue de la Condamine, Gières;45.187187;5.778607;;ARRET;3;
22/11/23 05:39:43;Rue de la Condamine, Gières;45.187164;5.778608;;COLLECTE;0;
22/11/23 05:39:43;Rue de la Condamine, Gières;45.187164;5.778608;;COLLECTE;0;
22/11/23 05:39:43;Rue de la Condamine, Gières;45.187164;5.778608;;COLLECTE;0;
22/11/23 05:39:57;Rue de la Condamine, Gières;45.187164;5.778606;0.0;COLLECTE;0;
22/11/23 05:39:58;Rue de la Condamine, Gières;45.187164;5.778606;;COLLECTE;0;
22/11/23 05:39:58;Rue de la Condamine, Gières;45.187164;5.778606;;COLLECTE;0;
22/11/23 05:39:58;Rue de la Condamine, Gières;45.187164;5.778606;;ARRET;3;
22/11/23 05:40:02;Rue de la Condamine, Gières;45.187183;5.778581;;COLLECTE;0;
22/11/23 05:40:02;Rue de la Condamine, Gières;45.187183;5.778581;;COLLECTE;0;
22/11/23 05:40:02;Rue de la Condamine, Gières;45.187183;5.778581;;COLLECTE;3;
22/11/23 05:40:13;Rue de la Condamine, Gières;45.187206;5.778557;;COLLECTE;0;
22/11/23 05:40:13;Rue de la Condamine, Gières;45.187206;5.778557;;COLLECTE;0;
22/11/23 05:40:13;Rue de la Condamine, Gières;45.187206;5.778557;;ARRET;1;
22/11/23 05:40:19;Rue de la Condamine, Gières;45.187199;5.778553;;ARRET;22;
22/11/23 05:40:25;Rue de la Condamine, Gières;45.187332;5.778352;18.0;HAUT LE PIED;13;
22/11/23 05:40:31;Rue de la Condamine, Gières;45.187412;5.778235;;ARRET;1;
22/11/23 05:40:48;Rue de la Condamine, Gières;45.187424;5.778227;;COLLECTE;0;
22/11/23 05:40:49;Rue de la Condamine, Gières;45.187424;5.778227;;COLLECTE;0;
22/11/23 05:40:49;Rue de la Condamine, Gières;45.187424;5.778227;;COLLECTE;0;
22/11/23 05:40:56;Rue de la Condamine, Gières;45.187424;5.778226;0.0;COLLECTE;0;
22/11/23 05:41:02;Rue de la Condamine, Gières;45.187424;5.778226;;COLLECTE;0;
22/11/23 05:41:02;Rue de la Condamine, Gières;45.187424;5.778226;;COLLECTE;0;
22/11/23 05:41:04;Rue de la Condamine, Gières;45.187424;5.778226;;ARRET;6;
22/11/23 05:41:18;Rue de la Condamine, Gières;45.187477;5.778204;;COLLECTE;0;
22/11/23 05:41:18;Rue de la Condamine, Gières;45.187477;5.778204;;COLLECTE;0;
22/11/23 05:41:18;Rue de la Condamine, Gières;45.187477;5.778204;;COLLECTE;2;
22/11/23 05:41:31;Rue de la Condamine, Gières;45.187485;5.778231;;COLLECTE;0;
22/11/23 05:41:31;Rue de la Condamine, Gières;45.187485;5.778231;;COLLECTE;0;
22/11/23 05:41:31;Rue de la Condamine, Gières;45.187485;5.778231;;ARRET;1;
22/11/23 05:41:38;Rue de la Condamine, Gières;45.187492;5.778216;;ARRET;20;
22/11/23 05:41:43;Rue de la Condamine, Gières;45.187603;5.778008;14.0;HAUT LE PIED;7;
22/11/23 05:41:47;Rue de la Condamine, Gières;45.187645;5.777935;;ARRET;4;
22/11/23 05:41:56;Rue de la Condamine, Gières;45.18763;5.777894;;ARRET;0;
22/11/23 05:41:56;Rue de la Condamine, Gières;45.18763;5.777894;;COLLECTE;2;
22/11/23 05:42:03;Rue de la Condamine, Gières;45.187614;5.777888;;COLLECTE;0;
22/11/23 05:42:04;Rue de la Condamine, Gières;45.187614;5.777888;;ARRET;23;
22/11/23 05:42:13;Rue de la Condamine, Gières;45.187782;5.777709;16.0;HAUT LE PIED;10;
22/11/23 05:42:28;Rue de la Condamine, Gières;45.187859;5.777643;;COLLECTE;0;
22/11/23 05:42:28;Rue de la Condamine, Gières;45.187859;5.777643;;COLLECTE;0;
22/11/23 05:42:28;Rue de la Condamine, Gières;45.187859;5.777643;;COLLECTE;0;
22/11/23 05:42:42;Rue de la Condamine, Gières;45.187862;5.777641;;COLLECTE;0;
22/11/23 05:42:42;Rue de la Condamine, Gières;45.187862;5.777641;;COLLECTE;0;
22/11/23 05:42:42;Rue de la Condamine, Gières;45.187862;5.777641;;ARRET;0;
22/11/23 05:42:44;Rue de la Condamine, Gières;45.187862;5.777641;0.0;ARRET;0;
22/11/23 05:42:47;Rue de la Condamine, Gières;45.187862;5.777641;;COLLECTE;0;
22/11/23 05:42:47;Rue de la Condamine, Gières;45.187862;5.777641;;COLLECTE;0;
22/11/23 05:42:47;Rue de la Condamine, Gières;45.187862;5.777641;;COLLECTE;0;
22/11/23 05:43:07;Rue de la Condamine, Gières;45.187862;5.777642;;COLLECTE;0;
22/11/23 05:43:07;Rue de la Condamine, Gières;45.187862;5.777642;;COLLECTE;0;
22/11/23 05:43:07;Rue de la Condamine, Gières;45.187862;5.777642;;ARRET;0;
22/11/23 05:43:12;Rue de la Condamine, Gières;45.187862;5.777642;;COLLECTE;0;
22/11/23 05:43:12;Rue de la Condamine, Gières;45.187862;5.777642;;COLLECTE;0;
22/11/23 05:43:12;Rue de la Condamine, Gières;45.187862;5.777642;;COLLECTE;0;
22/11/23 05:43:23;Rue de la Condamine, Gières;45.187859;5.777642;;COLLECTE;0;
22/11/23 05:43:23;Rue de la Condamine, Gières;45.187859;5.777642;;COLLECTE;0;
22/11/23 05:43:23;Rue de la Condamine, Gières;45.187859;5.777642;;ARRET;0;
22/11/23 05:43:29;Rue de la Condamine, Gières;45.187859;5.777642;;ARRET;28;
22/11/23 05:43:36;Rue de la Condamine, Gières;45.188057;5.777424;16.0;HAUT LE PIED;12;
22/11/23 05:43:39;Rue de la Condamine, Gières;45.188084;5.777277;16.0;HAUT LE PIED;18;
22/11/23 05:43:42;Rue des Essarts, Gières;45.188023;5.777063;28.0;HAUT LE PIED;61;
22/11/23 05:43:51;Rue des Essarts, Gières;45.187695;5.776434;16.0;HAUT LE PIED;16;
22/11/23 05:43:54;Rue de Mayencin, Gières;45.18755;5.776451;21.0;HAUT LE PIED;48;
22/11/23 05:44:04;Rue de Mayencin, Gières;45.187183;5.776776;;ARRET;3;
22/11/23 05:44:11;Rue de Mayencin, Gières;45.18716;5.776805;;COLLECTE;0;
22/11/23 05:44:11;Rue de Mayencin, Gières;45.18716;5.776805;;COLLECTE;0;
22/11/23 05:44:11;Rue de Mayencin, Gières;45.18716;5.776805;;COLLECTE;0;
22/11/23 05:44:22;Inconnu, Saint-Martin-d'Hères;45.187157;5.776808;;COLLECTE;0;
22/11/23 05:44:22;Inconnu, Saint-Martin-d'Hères;45.187157;5.776808;;COLLECTE;0;
22/11/23 05:44:22;Inconnu, Saint-Martin-d'Hères;45.187157;5.776808;;ARRET;3;
22/11/23 05:44:25;Inconnu, Saint-Martin-d'Hères;45.187138;5.776826;6.0;HAUT LE PIED;0;
22/11/23 05:44:26;Inconnu, Saint-Martin-d'Hères;45.187138;5.776826;;ARRET;16;
22/11/23 05:44:33;Rue de Mayencin, Gières;45.187023;5.77694;;ARRET;1;
22/11/23 05:44:40;Rue de Mayencin, Gières;45.187027;5.776935;;COLLECTE;0;
22/11/23 05:44:40;Rue de Mayencin, Gières;45.187027;5.776935;;COLLECTE;0;
22/11/23 05:44:40;Rue de Mayencin, Gières;45.187027;5.776935;;COLLECTE;1;
22/11/23 05:44:53;Rue de Mayencin, Gières;45.187038;5.776926;;COLLECTE;0;
22/11/23 05:44:53;Rue de Mayencin, Gières;45.187038;5.776926;;COLLECTE;0;
22/11/23 05:44:53;Rue de Mayencin, Gières;45.187038;5.776926;;ARRET;0;
22/11/23 05:44:56;Rue de Mayencin, Gières;45.187038;5.776926;0.0;ARRET;0;
22/11/23 05:44:58;Rue de Mayencin, Gières;45.187038;5.776927;;ARRET;30;
22/11/23 05:45:05;Rue de Mayencin, Gières;45.186829;5.777159;21.0;HAUT LE PIED;57;
22/11/23 05:45:16;Rue de Mayencin, Gières;45.186401;5.777562;;ARRET;2;
22/11/23 05:45:21;Rue de Mayencin, Gières;45.186382;5.777572;;COLLECTE;0;
22/11/23 05:45:21;Rue de Mayencin, Gières;45.186382;5.777572;;COLLECTE;0;
22/11/23 05:45:21;Rue de Mayencin, Gières;45.186382;5.777572;;COLLECTE;2;
22/11/23 05:45:32;Rue de Mayencin, Gières;45.186371;5.777591;;COLLECTE;0;
22/11/23 05:45:32;Rue de Mayencin, Gières;45.186371;5.777591;;ARRET;0;
22/11/23 05:45:32;Rue de Mayencin, Gières;45.186371;5.777591;;ARRET;1;
22/11/23 05:45:35;Rue de Mayencin, Gières;45.186367;5.7776;;COLLECTE;0;
22/11/23 05:45:35;Rue de Mayencin, Gières;45.186367;5.7776;;COLLECTE;0;
22/11/23 05:45:35;Rue de Mayencin, Gières;45.186367;5.7776;;COLLECTE;0;
22/11/23 05:45:36;Rue de Mayencin, Gières;45.186367;5.777604;0.0;COLLECTE;1;
22/11/23 05:45:50;Rue de Mayencin, Gières;45.186363;5.77761;;COLLECTE;0;
22/11/23 05:45:50;Rue de Mayencin, Gières;45.186363;5.77761;;COLLECTE;0;
22/11/23 05:45:50;Rue de Mayencin, Gières;45.186363;5.77761;;ARRET;0;
22/11/23 05:45:54;Rue de Mayencin, Gières;45.186363;5.77761;;ARRET;20;
22/11/23 05:46:03;Rue de Mayencin, Gières;45.186211;5.777748;;ARRET;3;
22/11/23 05:46:26;Inconnu, Saint-Martin-d'Hères;45.186192;5.777718;;COLLECTE;0;
22/11/23 05:46:26;Inconnu, Saint-Martin-d'Hères;45.186192;5.777718;;COLLECTE;0;
22/11/23 05:46:26;Inconnu, Saint-Martin-d'Hères;45.186192;5.777718;;COLLECTE;0;
22/11/23 05:46:35;Inconnu, Saint-Martin-d'Hères;45.186192;5.777718;;COLLECTE;0;
22/11/23 05:46:35;Inconnu, Saint-Martin-d'Hères;45.186192;5.777718;;COLLECTE;0;
22/11/23 05:46:35;Inconnu, Saint-Martin-d'Hères;45.186192;5.777718;;ARRET;0;
22/11/23 05:46:41;Inconnu, Saint-Martin-d'Hères;45.186192;5.777718;;COLLECTE;0;
22/11/23 05:46:41;Inconnu, Saint-Martin-d'Hères;45.186192;5.777718;;COLLECTE;0;
22/11/23 05:46:41;Inconnu, Saint-Martin-d'Hères;45.186192;5.777718;;COLLECTE;2;
22/11/23 05:46:51;Inconnu, Saint-Martin-d'Hères;45.186211;5.77771;;COLLECTE;0;
22/11/23 05:46:51;Inconnu, Saint-Martin-d'Hères;45.186211;5.77771;;ARRET;0;
22/11/23 05:46:51;Inconnu, Saint-Martin-d'Hères;45.186211;5.77771;;ARRET;0;
22/11/23 05:46:58;Inconnu, Saint-Martin-d'Hères;45.186211;5.777709;;COLLECTE;0;
22/11/23 05:46:58;Inconnu, Saint-Martin-d'Hères;45.186211;5.777709;;COLLECTE;0;
22/11/23 05:46:58;Inconnu, Saint-Martin-d'Hères;45.186211;5.777709;;COLLECTE;0;
22/11/23 05:47:06;Rue de Mayencin, Gières;45.186214;5.77771;;COLLECTE;0;
22/11/23 05:47:06;Rue de Mayencin, Gières;45.186214;5.77771;;COLLECTE;0;
22/11/23 05:47:06;Rue de Mayencin, Gières;45.186214;5.77771;;ARRET;0;
22/11/23 05:47:13;Rue de Mayencin, Gières;45.186214;5.77771;;ARRET;9;
22/11/23 05:47:18;Rue de Mayencin, Gières;45.18615;5.777778;14.0;HAUT LE PIED;73;
22/11/23 05:47:33;Rue de Mayencin, Gières;45.185619;5.778321;;ARRET;2;
22/11/23 05:47:44;Rue de Mayencin, Gières;45.185635;5.778301;;COLLECTE;0;
22/11/23 05:47:44;Rue de Mayencin, Gières;45.185635;5.778301;;COLLECTE;0;
22/11/23 05:47:44;Rue de Mayencin, Gières;45.185635;5.778301;;COLLECTE;0;
22/11/23 05:47:49;Rue de Mayencin, Gières;45.185635;5.778297;0.0;COLLECTE;0;
22/11/23 05:47:54;Rue de Mayencin, Gières;45.185635;5.778293;;COLLECTE;0;
22/11/23 05:47:54;Rue de Mayencin, Gières;45.185635;5.778292;;COLLECTE;0;
22/11/23 05:47:54;Rue de Mayencin, Gières;45.185635;5.778292;;ARRET;0;
22/11/23 05:47:59;Rue de Mayencin, Gières;45.185635;5.778291;;COLLECTE;0;
22/11/23 05:47:59;Rue de Mayencin, Gières;45.185635;5.778291;;COLLECTE;0;
22/11/23 05:47:59;Rue de Mayencin, Gières;45.185635;5.778291;;COLLECTE;0;
22/11/23 05:48:08;Rue de Mayencin, Gières;45.185635;5.778291;;COLLECTE;0;
22/11/23 05:48:08;Rue de Mayencin, Gières;45.185635;5.778291;;COLLECTE;0;
22/11/23 05:48:08;Rue de Mayencin, Gières;45.185635;5.778291;;ARRET;29;
22/11/23 05:48:33;Rue de Mayencin, Gières;45.185429;5.77851;18.0;HAUT LE PIED;27;
22/11/23 05:48:42;Rue de Mayencin, Gières;45.185234;5.778723;11.0;HAUT LE PIED;10;
22/11/23 05:48:45;Rue de la Condamine, Gières;45.185234;5.77885;18.0;HAUT LE PIED;16;
22/11/23 05:48:48;Rue de la Condamine, Gières;45.185341;5.778994;25.0;HAUT LE PIED;27;
22/11/23 05:48:52;Rue de la Condamine, Gières;45.18557;5.779109;28.0;HAUT LE PIED;102;
22/11/23 05:49:01;Rue de la Condamine, Gières;45.18647;5.779372;45.0;HAUT LE PIED;51;
22/11/23 05:49:05;Rue de la Condamine, Gières;45.186897;5.779144;44.0;HAUT LE PIED;41;
22/11/23 05:49:08;Rue de la Condamine, Gières;45.187103;5.778713;48.0;HAUT LE PIED;88;
22/11/23 05:49:14;Rue de la Condamine, Gières;45.187637;5.777892;54.0;HAUT LE PIED;66;
22/11/23 05:49:20;Rue de la Condamine, Gières;45.18811;5.77739;22.0;HAUT LE PIED;19;
22/11/23 05:49:23;Rue des Essarts, Gières;45.188278;5.777423;27.0;HAUT LE PIED;59;
22/11/23 05:49:30;Rue des Essarts, Gières;45.188709;5.777872;11.0;HAUT LE PIED;13;
22/11/23 05:49:33;Inconnu, Gières;45.188759;5.778027;13.0;HAUT LE PIED;9;
22/11/23 05:49:36;Inconnu, Gières;45.18874;5.778139;16.0;HAUT LE PIED;16;
22/11/23 05:49:39;Avenue de Vignate, Gières;45.188614;5.778232;22.0;HAUT LE PIED;45;
22/11/23 05:49:44;Avenue de Vignate, Gières;45.188259;5.778497;36.0;HAUT LE PIED;62;
22/11/23 05:49:49;Avenue de Vignate, Gières;45.187866;5.779055;51.0;HAUT LE PIED;95;
22/11/23 05:49:57;Inconnu, Gières;45.187431;5.780092;36.0;HAUT LE PIED;154;
22/11/23 05:50:10;Avenue de Vignate, Gières;45.187309;5.782051;44.0;HAUT LE PIED;46;
22/11/23 05:50:15;Inconnu, Gières;45.187218;5.782624;32.0;HAUT LE PIED;22;
22/11/23 05:50:18;Inconnu, Gières;45.187412;5.782677;30.0;HAUT LE PIED;21;
22/11/23 05:50:21;Inconnu, Gières;45.187531;5.782463;29.0;HAUT LE PIED;26;
22/11/23 05:50:24;Inconnu, Gières;45.187744;5.782315;31.0;HAUT LE PIED;152;
22/11/23 05:50:37;Rocade Sud, Gières;45.189102;5.782107;56.0;HAUT LE PIED;498;
22/11/23 05:51:03;Rocade Sud, Meylan;45.193577;5.782204;85.0;HAUT LE PIED;216;
22/11/23 05:51:12;Rocade Sud, Meylan;45.195511;5.781971;86.0;HAUT LE PIED;219;
22/11/23 05:51:21;Rocade Sud, Meylan;45.197411;5.781244;87.0;HAUT LE PIED;193;
22/11/23 05:51:29;Rocade Sud, Meylan;45.199108;5.780723;87.0;HAUT LE PIED;122;
22/11/23 05:51:34;Rocade Sud, Meylan;45.200191;5.780935;87.0;HAUT LE PIED;218;
22/11/23 05:51:43;Inconnu, Meylan;45.202011;5.781976;87.0;HAUT LE PIED;232;
22/11/23 05:51:53;Inconnu, Meylan;45.203838;5.783401;83.0;HAUT LE PIED;71;
22/11/23 05:51:56;Inconnu, Meylan;45.204212;5.784134;85.0;HAUT LE PIED;164;
22/11/23 05:52:03;Inconnu, Meylan;45.204708;5.78611;86.0;HAUT LE PIED;630;
22/11/23 05:52:29;Inconnu, Meylan;45.206253;5.793845;88.0;HAUT LE PIED;488;
22/11/23 05:52:49;Inconnu, Meylan;45.207806;5.79967;87.0;HAUT LE PIED;485;
22/11/23 05:53:09;A 41, Meylan;45.209778;5.805193;87.0;HAUT LE PIED;342;
22/11/23 05:53:23;A 41, Meylan;45.211517;5.808786;86.0;HAUT LE PIED;313;
22/11/23 05:53:36;A 41, Meylan;45.213341;5.811831;90.0;HAUT LE PIED;368;
22/11/23 05:53:51;A 41, Montbonnot-Saint-Martin;45.215778;5.815012;87.0;HAUT LE PIED;364;
22/11/23 05:54:06;A 41, Montbonnot-Saint-Martin;45.218414;5.817773;87.0;HAUT LE PIED;509;
22/11/23 05:54:30;Inconnu, Montbonnot-Saint-Martin;45.222031;5.82174;39.0;HAUT LE PIED;32;
22/11/23 05:54:33;Inconnu, Montbonnot-Saint-Martin;45.222099;5.822136;41.0;HAUT LE PIED;31;
22/11/23 05:54:36;Inconnu, Montbonnot-Saint-Martin;45.221947;5.822474;47.0;HAUT LE PIED;36;
22/11/23 05:54:39;Inconnu, Montbonnot-Saint-Martin;45.221638;5.82263;53.0;HAUT LE PIED;64;
22/11/23 05:54:43;Route de Domène, Montbonnot-Saint-Martin;45.221066;5.822692;61.0;HAUT LE PIED;222;
22/11/23 05:54:57;Chemin des Cantines, Montbonnot-Saint-Martin;45.219074;5.822516;18.0;HAUT LE PIED;11;
22/11/23 05:55:00;Chemin des Cantines, Montbonnot-Saint-Martin;45.219074;5.822381;17.0;HAUT LE PIED;17;
22/11/23 05:55:03;Chemin des Cantines, Montbonnot-Saint-Martin;45.219215;5.822298;27.0;HAUT LE PIED;227;
22/11/23 05:55:22;Chemin des Cantines, Montbonnot-Saint-Martin;45.221073;5.821087;27.0;HAUT LE PIED;20;
22/11/23 05:55:25;Chemin des Cantines, Montbonnot-Saint-Martin;45.221092;5.820834;28.0;HAUT LE PIED;23;
22/11/23 05:55:28;Chemin des Cantines, Montbonnot-Saint-Martin;45.220932;5.820639;34.0;HAUT LE PIED;465;
22/11/23 05:55:58;Chemin des Cantines, Montbonnot-Saint-Martin;45.217464;5.81732;67.0;HAUT LE PIED;370;
22/11/23 05:56:17;Chemin des Cantines, Montbonnot-Saint-Martin;45.214848;5.814399;79.0;HAUT LE PIED;319;
22/11/23 05:56:32;Chemin des Cantines, Montbonnot-Saint-Martin;45.212666;5.811752;75.0;HAUT LE PIED;129;
22/11/23 05:56:41;Chemin des Cantines, Montbonnot-Saint-Martin;45.211693;5.810847;21.0;HAUT LE PIED;14;
22/11/23 05:56:44;Chemin des Cantines, Montbonnot-Saint-Martin;45.211704;5.810669;18.0;HAUT LE PIED;19;
22/11/23 05:56:47;Chemin des Cantines, Montbonnot-Saint-Martin;45.211857;5.810576;25.0;HAUT LE PIED;24;
22/11/23 05:56:50;Chemin des Cantines, Montbonnot-Saint-Martin;45.21204;5.810406;36.0;HAUT LE PIED;25;
22/11/23 05:56:53;Chemin des Cantines, Meylan;45.212048;5.81009;35.0;HAUT LE PIED;28;
22/11/23 05:56:56;Chemin des Cantines, Meylan;45.211884;5.809824;36.0;HAUT LE PIED;211;
22/11/23 05:57:11;Chemin des Cantines, Meylan;45.210728;5.807683;55.0;HAUT LE PIED;59;
22/11/23 05:57:17;Chemin des Cantines, Meylan;45.210384;5.807104;26.0;HAUT LE PIED;23;
22/11/23 05:57:20;Chemin des Cantines, Meylan;45.210194;5.80722;30.0;HAUT LE PIED;218;
22/11/23 05:57:39;Inconnu, Meylan;45.208603;5.808846;31.0;HAUT LE PIED;217;
22/11/23 05:58:00;Inconnu, Meylan;45.208252;5.811567;28.0;HAUT LE PIED;28;
22/11/23 05:58:03;Inconnu, Meylan;45.208061;5.811792;30.0;HAUT LE PIED;27;
22/11/23 05:58:06;Inconnu, Meylan;45.20789;5.812028;30.0;HAUT LE PIED;23;
22/11/23 05:58:09;Inconnu, Meylan;45.207897;5.812325;27.0;HAUT LE PIED;61;
22/11/23 05:58:15;Inconnu, Meylan;45.208153;5.813009;44.0;HAUT LE PIED;73;
22/11/23 05:58:23;Inconnu, Meylan;45.208591;5.813698;23.0;HAUT LE PIED;14;
22/11/23 05:58:26;Inconnu, Meylan;45.208527;5.81385;19.0;HAUT LE PIED;48;
22/11/23 05:58:33;Inconnu, Meylan;45.208275;5.814354;20.0;HAUT LE PIED;9;
22/11/23 05:58:36;Inconnu, Meylan;45.20834;5.814425;13.0;HAUT LE PIED;12;
22/11/23 05:58:39;Inconnu, Meylan;45.208382;5.814284;19.0;HAUT LE PIED;27;
22/11/23 05:58:50;Inconnu, Meylan;45.208466;5.813962;17.0;HAUT LE PIED;29;
22/11/23 05:58:55;Inconnu, Meylan;45.208618;5.813663;15.0;HAUT LE PIED;6;
22/11/23 05:59:25;Inconnu, Meylan;45.208591;5.813592;0.0;ARRET;0;
22/11/23 05:59:26;Inconnu, Meylan;45.208591;5.813592;;COLLECTE;0;
22/11/23 05:59:26;Inconnu, Meylan;45.208591;5.813592;;COLLECTE;0;
22/11/23 05:59:26;Inconnu, Meylan;45.208591;5.813592;;COLLECTE;1;
22/11/23 05:59:39;Inconnu, Meylan;45.208584;5.813599;;COLLECTE;0;
22/11/23 05:59:39;Inconnu, Meylan;45.208584;5.813599;;COLLECTE;0;
22/11/23 05:59:39;Inconnu, Meylan;45.208584;5.813599;;ARRET;26;
22/11/23 05:59:58;Inconnu, Meylan;45.208405;5.813388;22.0;HAUT LE PIED;58;
22/11/23 06:00:05;Inconnu, Meylan;45.208073;5.812811;42.0;HAUT LE PIED;53;
22/11/23 06:00:11;Inconnu, Meylan;45.207878;5.812199;26.0;HAUT LE PIED;22;
22/11/23 06:00:14;Inconnu, Meylan;45.207981;5.811952;34.0;HAUT LE PIED;38;
22/11/23 06:00:18;Inconnu, Meylan;45.208225;5.811619;36.0;HAUT LE PIED;31;
22/11/23 06:00:21;Inconnu, Meylan;45.208324;5.811247;39.0;HAUT LE PIED;208;
22/11/23 06:00:39;Inconnu, Meylan;45.208698;5.808644;25.0;HAUT LE PIED;89;
22/11/23 06:00:48;Chemin des Cantines, Meylan;45.209381;5.808045;47.0;HAUT LE PIED;134;
22/11/23 06:01:00;Chemin des Cantines, Meylan;45.210361;5.807052;20.0;HAUT LE PIED;18;
22/11/23 06:01:03;Chemin des Agriculteurs, Meylan;45.210312;5.806832;25.0;HAUT LE PIED;105;
22/11/23 06:01:13;Chemin des Agriculteurs, Meylan;45.209789;5.80571;48.0;HAUT LE PIED;372;
22/11/23 06:01:39;Chemin des Agriculteurs, Meylan;45.208199;5.801529;30.0;HAUT LE PIED;19;
22/11/23 06:01:42;Chemin des Agriculteurs, Meylan;45.208042;5.801446;17.0;HAUT LE PIED;13;
22/11/23 06:01:45;Chemin des Agriculteurs, Meylan;45.207928;5.801455;15.0;HAUT LE PIED;15;
22/11/23 06:01:48;Chemin des Agriculteurs, Meylan;45.207882;5.801275;26.0;HAUT LE PIED;52;
22/11/23 06:01:54;Chemin des Agriculteurs, Meylan;45.207832;5.800613;41.0;HAUT LE PIED;88;
22/11/23 06:02:01;Chemin des Agriculteurs, Meylan;45.207642;5.799527;46.0;HAUT LE PIED;171;
22/11/23 06:02:13;Chemin des Agriculteurs, Meylan;45.207035;5.797523;44.0;HAUT LE PIED;201;
22/11/23 06:02:28;Chemin des Agriculteurs, Meylan;45.20636;5.79515;51.0;HAUT LE PIED;41;
22/11/23 06:02:31;Chemin des Agriculteurs, Meylan;45.206074;5.794815;52.0;HAUT LE PIED;46;
22/11/23 06:02:34;Chemin des Agriculteurs, Meylan;45.205685;5.794618;53.0;HAUT LE PIED;64;
22/11/23 06:02:39;Chemin des Agriculteurs, Meylan;45.205151;5.794302;46.0;HAUT LE PIED;39;
22/11/23 06:02:42;Chemin des Agriculteurs, Meylan;45.204933;5.793911;49.0;HAUT LE PIED;39;
22/11/23 06:02:45;Chemin des Agriculteurs, Meylan;45.204868;5.79342;43.0;HAUT LE PIED;29;
22/11/23 06:02:49;Chemin de la Charrière d'Enfer, Meylan;45.204887;5.793057;18.0;HAUT LE PIED;14;
22/11/23 06:02:52;Chemin de la Charrière d'Enfer, Meylan;45.204762;5.793094;13.0;HAUT LE PIED;74;
22/11/23 06:03:01;Chemin de la Charrière d'Enfer, Meylan;45.20414;5.793431;41.0;HAUT LE PIED;141;
22/11/23 06:03:11;Chemin de la Charrière d'Enfer, Meylan;45.202896;5.793786;56.0;HAUT LE PIED;116;
22/11/23 06:03:41;Chemin de la Charrière d'Enfer, Meylan;45.201897;5.794203;5.0;HAUT LE PIED;4;
22/11/23 06:03:54;Chemin de la Charrière d'Enfer, Meylan;45.201866;5.794211;;ARRET;0;
22/11/23 06:03:54;Chemin de la Charrière d'Enfer, Meylan;45.201866;5.794211;;COLLECTE;0;
22/11/23 06:03:58;Chemin de la Charrière d'Enfer, Meylan;45.20187;5.794211;;COLLECTE;0;
22/11/23 06:04:04;Chemin de la Charrière d'Enfer, Meylan;45.201874;5.794211;;COLLECTE;0;
22/11/23 06:04:04;Chemin de la Charrière d'Enfer, Meylan;45.201874;5.794211;;COLLECTE;0;
22/11/23 06:04:05;Chemin de la Charrière d'Enfer, Meylan;45.201874;5.794211;;ARRET;0;
22/11/23 06:04:09;Chemin de la Charrière d'Enfer, Meylan;45.201874;5.794211;;COLLECTE;0;
22/11/23 06:04:10;Chemin de la Charrière d'Enfer, Meylan;45.201874;5.794211;;COLLECTE;0;
22/11/23 06:04:10;Chemin de la Charrière d'Enfer, Meylan;45.201874;5.794211;;COLLECTE;0;
22/11/23 06:04:17;Chemin de la Charrière d'Enfer, Meylan;45.201874;5.794211;;COLLECTE;0;
22/11/23 06:04:22;Chemin de la Charrière d'Enfer, Meylan;45.201874;5.794211;;COLLECTE;0;
22/11/23 06:04:30;Chemin de la Charrière d'Enfer, Meylan;45.201874;5.79421;;COLLECTE;0;
22/11/23 06:04:30;Chemin de la Charrière d'Enfer, Meylan;45.201874;5.79421;;COLLECTE;0;
22/11/23 06:04:31;Chemin de la Charrière d'Enfer, Meylan;45.201874;5.79421;;ARRET;0;
22/11/23 06:04:36;Chemin de la Charrière d'Enfer, Meylan;45.201874;5.79421;;COLLECTE;0;
22/11/23 06:04:45;Chemin de la Charrière d'Enfer, Meylan;45.201874;5.794211;;ARRET;26;
22/11/23 06:05:10;Chemin de la Charrière d'Enfer, Meylan;45.201645;5.794301;21.0;HAUT LE PIED;250;
22/11/23 06:05:32;Chemin de la Charrière d'Enfer, Meylan;45.199482;5.795161;34.0;HAUT LE PIED;31;
22/11/23 06:05:35;Chemin de la Charrière d'Enfer, Meylan;45.199234;5.794972;42.0;HAUT LE PIED;113;
22/11/23 06:05:44;Chemin de la Charrière d'Enfer, Meylan;45.198456;5.794042;53.0;HAUT LE PIED;152;
22/11/23 06:05:55;Chemin de la Charrière d'Enfer, Meylan;45.197536;5.792609;42.0;HAUT LE PIED;35;
22/11/23 06:05:58;Chemin de la Charrière d'Enfer, Meylan;45.197254;5.792419;40.0;HAUT LE PIED;37;
22/11/23 06:06:01;Chemin de la Charrière d'Enfer, Meylan;45.19693;5.792316;45.0;HAUT LE PIED;39;
22/11/23 06:06:04;Chemin de la Charrière d'Enfer, Meylan;45.196594;5.792197;46.0;HAUT LE PIED;172;
22/11/23 06:06:16;Chemin de la Charrière d'Enfer, Meylan;45.19529;5.791014;46.0;HAUT LE PIED;30;
22/11/23 06:06:19;Chemin de la Charrière d'Enfer, Meylan;45.195034;5.790899;35.0;HAUT LE PIED;34;
22/11/23 06:06:22;Chemin de la Charrière d'Enfer, Meylan;45.194729;5.790939;42.0;HAUT LE PIED;31;
22/11/23 06:06:25;Chemin de la Charrière d'Enfer, Meylan;45.194469;5.791088;32.0;HAUT LE PIED;25;
22/11/23 06:06:30;Chemin de la Taillat, Meylan;45.19426;5.791192;14.0;HAUT LE PIED;12;
22/11/23 06:06:33;Chemin de la Taillat, Meylan;45.194214;5.791047;17.0;HAUT LE PIED;17;
22/11/23 06:06:36;Chemin de la Taillat, Meylan;45.194145;5.790857;20.0;HAUT LE PIED;41;
22/11/23 06:06:41;Chemin de la Taillat, Meylan;45.193993;5.79038;28.0;HAUT LE PIED;17;
22/11/23 06:06:44;Chemin de la Taillat, Meylan;45.194073;5.790192;22.0;HAUT LE PIED;57;
22/11/23 06:06:51;Chemin de la Taillat, Meylan;45.194477;5.789746;32.0;HAUT LE PIED;138;
22/11/23 06:07:05;Chemin de la Taillat, Meylan;45.195183;5.788305;18.0;HAUT LE PIED;13;
22/11/23 06:07:21;Chemin de la Taillat, Meylan;45.195198;5.788141;;ARRET;0;
22/11/23 06:07:21;Chemin de la Taillat, Meylan;45.195202;5.788139;;COLLECTE;1;
22/11/23 06:07:29;Chemin de la Taillat, Meylan;45.19521;5.788146;;COLLECTE;0;
22/11/23 06:07:29;Chemin de la Taillat, Meylan;45.19521;5.788146;;ARRET;1;
22/11/23 06:07:36;Chemin de la Taillat, Meylan;45.195202;5.788156;0.0;ARRET;25;
22/11/23 06:07:45;Chemin de la Taillat, Meylan;45.19519;5.787835;22.0;HAUT LE PIED;165;
22/11/23 06:08:02;Chemin de la Taillat, Meylan;45.195099;5.78574;24.0;HAUT LE PIED;18;
22/11/23 06:08:05;Chemin de la Taillat, Meylan;45.195248;5.785642;25.0;HAUT LE PIED;171;
22/11/23 06:08:20;Chemin de la Taillat, Meylan;45.196777;5.785489;43.0;HAUT LE PIED;47;
22/11/23 06:08:24;Chemin de la Taillat, Meylan;45.19717;5.785271;44.0;HAUT LE PIED;47;
22/11/23 06:08:29;Chemin de la Taillat, Meylan;45.19759;5.78518;23.0;HAUT LE PIED;20;
22/11/23 06:08:32;Chemin de la Taillat, Meylan;45.197655;5.784937;28.0;HAUT LE PIED;74;
22/11/23 06:08:39;Chemin de la Taillat, Meylan;45.197651;5.783996;46.0;HAUT LE PIED;79;
22/11/23 06:08:46;Chemin de la Taillat, Meylan;45.197571;5.782999;33.0;HAUT LE PIED;24;
22/11/23 06:08:49;Chemin de la Taillat, Meylan;45.197758;5.782839;31.0;HAUT LE PIED;134;
22/11/23 06:09:06;Chemin de la Taillat, Meylan;45.198944;5.782528;24.0;HAUT LE PIED;20;
22/11/23 06:09:09;Chemin de la Taillat, Meylan;45.199017;5.78229;30.0;HAUT LE PIED;21;
22/11/23 06:09:12;Chemin de la Taillat, Meylan;45.199074;5.782028;22.0;HAUT LE PIED;15;
22/11/23 06:09:15;Chemin de la Taillat, Meylan;45.199192;5.78193;21.0;HAUT LE PIED;72;
22/11/23 06:09:23;Chemin de la Taillat, Meylan;45.199829;5.782102;41.0;HAUT LE PIED;95;
22/11/23 06:09:31;Chemin de la Taillat, Meylan;45.200626;5.782546;41.0;HAUT LE PIED;33;
22/11/23 06:09:34;Chemin de la Taillat, Meylan;45.200912;5.782431;42.0;HAUT LE PIED;106;
22/11/23 06:09:44;Chemin de la Taillat, Meylan;45.201828;5.782054;34.0;HAUT LE PIED;31;
22/11/23 06:09:47;Inconnu, Meylan;45.202091;5.782175;41.0;HAUT LE PIED;62;
22/11/23 06:09:52;Inconnu, Meylan;45.202568;5.782583;42.0;HAUT LE PIED;37;
22/11/23 06:09:56;Inconnu, Meylan;45.202816;5.782897;25.0;HAUT LE PIED;18;
22/11/23 06:09:59;Passage des Taillats, Meylan;45.20295;5.78277;28.0;HAUT LE PIED;69;
22/11/23 06:10:07;Passage des Taillats, Meylan;45.203011;5.781898;30.0;HAUT LE PIED;27;
22/11/23 06:10:10;Inconnu, Meylan;45.202888;5.781607;36.0;HAUT LE PIED;23;
22/11/23 06:10:13;Chemin de l'Île d'Amour, Meylan;45.202686;5.781659;29.0;HAUT LE PIED;27;
22/11/23 06:10:16;Chemin de l'Île d'Amour, Meylan;45.202446;5.781721;37.0;HAUT LE PIED;32;
22/11/23 06:10:19;Chemin de l'Île d'Amour, Meylan;45.202171;5.78161;42.0;HAUT LE PIED;123;
22/11/23 06:10:29;Chemin de l'Île d'Amour, Meylan;45.201149;5.781008;34.0;HAUT LE PIED;30;
22/11/23 06:10:32;Chemin de l'Île d'Amour, Meylan;45.201023;5.780669;39.0;HAUT LE PIED;53;
22/11/23 06:10:37;Chemin de l'Île d'Amour, Meylan;45.200863;5.78003;33.0;HAUT LE PIED;30;
22/11/23 06:10:40;Chemin de l'Île d'Amour, Meylan;45.200977;5.779685;42.0;HAUT LE PIED;120;
22/11/23 06:10:49;Chemin de l'Île d'Amour, Meylan;45.201443;5.778304;55.0;HAUT LE PIED;70;
22/11/23 06:10:54;Chemin de l'Île d'Amour, Meylan;45.201462;5.777413;47.0;HAUT LE PIED;35;
22/11/23 06:11:19;Chemin des Recompasses, Meylan;45.201492;5.776964;;COLLECTE;0;
22/11/23 06:11:19;Chemin des Recompasses, Meylan;45.201492;5.776964;;COLLECTE;0;
22/11/23 06:11:19;Chemin des Recompasses, Meylan;45.201492;5.776964;;COLLECTE;1;
22/11/23 06:11:25;Chemin des Recompasses, Meylan;45.201488;5.776971;0.0;COLLECTE;0;
22/11/23 06:11:31;Chemin des Recompasses, Meylan;45.201488;5.776972;;COLLECTE;0;
22/11/23 06:11:31;Chemin des Recompasses, Meylan;45.201488;5.776972;;COLLECTE;0;
22/11/23 06:11:31;Chemin des Recompasses, Meylan;45.201488;5.776972;;ARRET;0;
22/11/23 06:11:35;Chemin des Recompasses, Meylan;45.201488;5.776972;;COLLECTE;0;
22/11/23 06:11:35;Chemin des Recompasses, Meylan;45.201488;5.776972;;COLLECTE;0;
22/11/23 06:11:35;Chemin des Recompasses, Meylan;45.201488;5.776972;;COLLECTE;0;
22/11/23 06:11:45;Chemin des Recompasses, Meylan;45.201488;5.776971;;COLLECTE;0;
22/11/23 06:11:45;Chemin des Recompasses, Meylan;45.201488;5.776971;;COLLECTE;0;
22/11/23 06:11:45;Chemin des Recompasses, Meylan;45.201488;5.776971;;ARRET;0;
22/11/23 06:11:50;Chemin des Recompasses, Meylan;45.201488;5.776971;;COLLECTE;0;
22/11/23 06:11:51;Chemin des Recompasses, Meylan;45.201488;5.776971;;COLLECTE;0;
22/11/23 06:11:51;Chemin des Recompasses, Meylan;45.201488;5.776971;;COLLECTE;0;
22/11/23 06:12:04;Chemin des Recompasses, Meylan;45.201488;5.776971;;COLLECTE;0;
22/11/23 06:12:04;Chemin des Recompasses, Meylan;45.201488;5.776971;;COLLECTE;0;
22/11/23 06:12:04;Chemin des Recompasses, Meylan;45.201488;5.776971;;ARRET;1;
22/11/23 06:12:08;Chemin des Recompasses, Meylan;45.201488;5.776953;;ARRET;26;
22/11/23 06:12:14;Chemin de l'Île d'Amour, Meylan;45.201523;5.776624;22.0;HAUT LE PIED;73;
22/11/23 06:12:27;Inconnu, Meylan;45.201656;5.775714;;ARRET;2;
22/11/23 06:12:37;Chemin de l'Île d'Amour, Meylan;45.201664;5.775689;;COLLECTE;0;
22/11/23 06:12:37;Chemin de l'Île d'Amour, Meylan;45.201664;5.775689;;COLLECTE;0;
22/11/23 06:12:37;Chemin de l'Île d'Amour, Meylan;45.201664;5.775689;;COLLECTE;0;
22/11/23 06:12:45;Chemin de l'Île d'Amour, Meylan;45.201664;5.775683;0.0;COLLECTE;0;
22/11/23 06:12:53;Chemin de l'Île d'Amour, Meylan;45.201664;5.775682;;COLLECTE;0;
22/11/23 06:12:53;Chemin de l'Île d'Amour, Meylan;45.201664;5.775682;;COLLECTE;0;
22/11/23 06:12:53;Chemin de l'Île d'Amour, Meylan;45.201664;5.775682;;ARRET;0;
22/11/23 06:12:59;Chemin de l'Île d'Amour, Meylan;45.201664;5.775682;;COLLECTE;0;
22/11/23 06:13:00;Chemin de l'Île d'Amour, Meylan;45.201664;5.775682;;COLLECTE;0;
22/11/23 06:13:00;Chemin de l'Île d'Amour, Meylan;45.201664;5.775682;;COLLECTE;0;
22/11/23 06:13:14;Chemin de l'Île d'Amour, Meylan;45.201664;5.775678;;COLLECTE;0;
22/11/23 06:13:14;Chemin de l'Île d'Amour, Meylan;45.201664;5.775678;;COLLECTE;0;
22/11/23 06:13:14;Chemin de l'Île d'Amour, Meylan;45.201664;5.775678;;ARRET;0;
22/11/23 06:13:32;Chemin de l'Île d'Amour, Meylan;45.20166;5.775679;;COLLECTE;0;
22/11/23 06:13:32;Chemin de l'Île d'Amour, Meylan;45.20166;5.775679;;COLLECTE;0;
22/11/23 06:13:32;Chemin de l'Île d'Amour, Meylan;45.20166;5.775679;;COLLECTE;0;
22/11/23 06:13:48;Chemin de l'Île d'Amour, Meylan;45.20166;5.775679;;COLLECTE;0;
22/11/23 06:13:48;Chemin de l'Île d'Amour, Meylan;45.20166;5.775679;;COLLECTE;0;
22/11/23 06:13:48;Chemin de l'Île d'Amour, Meylan;45.20166;5.775679;;ARRET;0;
22/11/23 06:13:54;Chemin de l'Île d'Amour, Meylan;45.20166;5.775679;;COLLECTE;0;
22/11/23 06:13:54;Chemin de l'Île d'Amour, Meylan;45.20166;5.775679;;COLLECTE;0;
22/11/23 06:13:54;Chemin de l'Île d'Amour, Meylan;45.20166;5.775679;;COLLECTE;0;
22/11/23 06:14:04;Chemin de l'Île d'Amour, Meylan;45.20166;5.775679;;COLLECTE;0;
22/11/23 06:14:04;Chemin de l'Île d'Amour, Meylan;45.20166;5.775679;;COLLECTE;0;
22/11/23 06:14:04;Chemin de l'Île d'Amour, Meylan;45.20166;5.775679;;ARRET;0;
22/11/23 06:14:09;Chemin de l'Île d'Amour, Meylan;45.20166;5.775679;;COLLECTE;0;
22/11/23 06:14:09;Chemin de l'Île d'Amour, Meylan;45.20166;5.775679;;COLLECTE;0;
22/11/23 06:14:09;Chemin de l'Île d'Amour, Meylan;45.20166;5.775679;;COLLECTE;0;
22/11/23 06:14:27;Chemin de l'Île d'Amour, Meylan;45.20166;5.77568;;COLLECTE;0;
22/11/23 06:14:27;Chemin de l'Île d'Amour, Meylan;45.20166;5.77568;;COLLECTE;0;
22/11/23 06:14:27;Chemin de l'Île d'Amour, Meylan;45.20166;5.77568;;ARRET;0;
22/11/23 06:14:31;Chemin de l'Île d'Amour, Meylan;45.20166;5.77568;;COLLECTE;0;
22/11/23 06:14:31;Chemin de l'Île d'Amour, Meylan;45.20166;5.77568;;COLLECTE;0;
22/11/23 06:14:31;Chemin de l'Île d'Amour, Meylan;45.20166;5.77568;;COLLECTE;0;
22/11/23 06:14:47;Chemin de l'Île d'Amour, Meylan;45.20166;5.77568;;COLLECTE;0;
22/11/23 06:14:47;Chemin de l'Île d'Amour, Meylan;45.20166;5.77568;;COLLECTE;0;
22/11/23 06:14:47;Chemin de l'Île d'Amour, Meylan;45.20166;5.77568;;ARRET;0;
22/11/23 06:14:54;Chemin de l'Île d'Amour, Meylan;45.20166;5.77568;;COLLECTE;0;
22/11/23 06:14:54;Chemin de l'Île d'Amour, Meylan;45.20166;5.77568;;COLLECTE;0;
22/11/23 06:14:54;Chemin de l'Île d'Amour, Meylan;45.20166;5.77568;;COLLECTE;0;
22/11/23 06:15:07;Chemin de l'Île d'Amour, Meylan;45.20166;5.77568;;COLLECTE;0;
22/11/23 06:15:07;Chemin de l'Île d'Amour, Meylan;45.20166;5.77568;;COLLECTE;0;
22/11/23 06:15:07;Chemin de l'Île d'Amour, Meylan;45.20166;5.77568;;ARRET;0;
22/11/23 06:15:11;Chemin de l'Île d'Amour, Meylan;45.20166;5.77568;;ARRET;30;
22/11/23 06:15:20;Chemin de l'Île d'Amour, Meylan;45.201668;5.775299;20.0;HAUT LE PIED;35;
22/11/23 06:15:30;Chemin de l'Île d'Amour, Meylan;45.201702;5.774856;;ARRET;2;
22/11/23 06:15:39;Chemin de l'Île d'Amour, Meylan;45.201702;5.774828;;COLLECTE;0;
22/11/23 06:15:40;Chemin de l'Île d'Amour, Meylan;45.201702;5.774828;;COLLECTE;0;
22/11/23 06:15:40;Chemin de l'Île d'Amour, Meylan;45.201702;5.774828;;COLLECTE;1;
22/11/23 06:15:51;Chemin de l'Île d'Amour, Meylan;45.201706;5.774832;0.0;COLLECTE;0;
22/11/23 06:15:52;Chemin de l'Île d'Amour, Meylan;45.201706;5.774832;;COLLECTE;0;
22/11/23 06:15:52;Chemin de l'Île d'Amour, Meylan;45.201706;5.774832;;COLLECTE;0;
22/11/23 06:15:52;Chemin de l'Île d'Amour, Meylan;45.201706;5.774832;;ARRET;0;
22/11/23 06:15:58;Chemin de l'Île d'Amour, Meylan;45.201706;5.774832;;COLLECTE;0;
22/11/23 06:15:58;Chemin de l'Île d'Amour, Meylan;45.201706;5.774832;;COLLECTE;0;
22/11/23 06:15:58;Chemin de l'Île d'Amour, Meylan;45.201706;5.774832;;COLLECTE;0;
22/11/23 06:16:09;Chemin de l'Île d'Amour, Meylan;45.201706;5.774831;;COLLECTE;0;
22/11/23 06:16:09;Chemin de l'Île d'Amour, Meylan;45.201706;5.774831;;COLLECTE;0;
22/11/23 06:16:09;Chemin de l'Île d'Amour, Meylan;45.201706;5.774831;;ARRET;0;
22/11/23 06:16:15;Chemin de l'Île d'Amour, Meylan;45.201706;5.774831;;COLLECTE;0;
22/11/23 06:16:15;Chemin de l'Île d'Amour, Meylan;45.201706;5.774831;;COLLECTE;0;
22/11/23 06:16:15;Chemin de l'Île d'Amour, Meylan;45.201706;5.774831;;COLLECTE;0;
22/11/23 06:16:29;Chemin de l'Île d'Amour, Meylan;45.201706;5.774831;;COLLECTE;0;
22/11/23 06:16:29;Chemin de l'Île d'Amour, Meylan;45.201706;5.774831;;COLLECTE;0;
22/11/23 06:16:29;Chemin de l'Île d'Amour, Meylan;45.201706;5.774831;;ARRET;1;
22/11/23 06:16:33;Chemin de l'Île d'Amour, Meylan;45.201702;5.774826;;ARRET;25;
22/11/23 06:16:42;Chemin de l'Île d'Amour, Meylan;45.201706;5.77451;;ARRET;1;
22/11/23 06:16:50;Chemin de l'Île d'Amour, Meylan;45.20171;5.774492;;COLLECTE;0;
22/11/23 06:16:50;Chemin de l'Île d'Amour, Meylan;45.20171;5.774492;;COLLECTE;0;
22/11/23 06:16:51;Chemin de l'Île d'Amour, Meylan;45.20171;5.774492;;COLLECTE;1;
22/11/23 06:17:06;Chemin de l'Île d'Amour, Meylan;45.201721;5.774493;;COLLECTE;0;
22/11/23 06:17:07;Chemin de l'Île d'Amour, Meylan;45.201721;5.774493;;COLLECTE;0;
22/11/23 06:17:07;Chemin de l'Île d'Amour, Meylan;45.201721;5.774493;;ARRET;0;
22/11/23 06:17:14;Chemin de l'Île d'Amour, Meylan;45.201721;5.774493;;COLLECTE;0;
22/11/23 06:17:14;Chemin de l'Île d'Amour, Meylan;45.201721;5.774493;;COLLECTE;0;
22/11/23 06:17:14;Chemin de l'Île d'Amour, Meylan;45.201721;5.774493;;COLLECTE;0;
22/11/23 06:17:24;Chemin de l'Île d'Amour, Meylan;45.201721;5.774492;;COLLECTE;0;
22/11/23 06:17:24;Chemin de l'Île d'Amour, Meylan;45.201721;5.774492;;COLLECTE;0;
22/11/23 06:17:24;Chemin de l'Île d'Amour, Meylan;45.201721;5.774492;;ARRET;1;
22/11/23 06:17:29;Chemin de l'Île d'Amour, Meylan;45.201721;5.774473;;ARRET;21;
22/11/23 06:17:38;Chemin de l'Île d'Amour, Meylan;45.201706;5.774211;;ARRET;2;
22/11/23 06:17:47;Chemin de l'Île d'Amour, Meylan;45.201687;5.774221;;COLLECTE;0;
22/11/23 06:17:47;Chemin de l'Île d'Amour, Meylan;45.201687;5.774221;;COLLECTE;0;
22/11/23 06:17:47;Chemin de l'Île d'Amour, Meylan;45.201687;5.774221;;COLLECTE;0;
22/11/23 06:18:00;Chemin de l'Île d'Amour, Meylan;45.201683;5.77422;;COLLECTE;0;
22/11/23 06:18:00;Chemin de l'Île d'Amour, Meylan;45.201683;5.77422;;COLLECTE;0;
22/11/23 06:18:00;Chemin de l'Île d'Amour, Meylan;45.201683;5.77422;;ARRET;0;
22/11/23 06:18:20;Chemin de l'Île d'Amour, Meylan;45.201683;5.77422;;COLLECTE;0;
22/11/23 06:18:20;Chemin de l'Île d'Amour, Meylan;45.201683;5.77422;;COLLECTE;0;
22/11/23 06:18:20;Chemin de l'Île d'Amour, Meylan;45.201683;5.77422;;COLLECTE;0;
22/11/23 06:18:29;Chemin de l'Île d'Amour, Meylan;45.201683;5.77422;;COLLECTE;0;
22/11/23 06:18:29;Chemin de l'Île d'Amour, Meylan;45.201683;5.77422;;COLLECTE;0;
22/11/23 06:18:29;Chemin de l'Île d'Amour, Meylan;45.201683;5.77422;;ARRET;0;
22/11/23 06:18:36;Chemin de l'Île d'Amour, Meylan;45.201687;5.774222;;COLLECTE;2;
22/11/23 06:18:44;Chemin de l'Île d'Amour, Meylan;45.201702;5.774199;;ARRET;4;
22/11/23 06:18:50;Chemin de l'Île d'Amour, Meylan;45.201691;5.774157;;ARRET;24;
22/11/23 06:18:56;Inconnu, Meylan;45.201668;5.773858;21.0;HAUT LE PIED;89;
22/11/23 06:19:08;Chemin de l'Île d'Amour, Meylan;45.201447;5.772765;28.0;HAUT LE PIED;150;
22/11/23 06:19:27;Chemin de l'Île d'Amour, Meylan;45.200722;5.77115;28.0;HAUT LE PIED;39;
22/11/23 06:19:32;Inconnu, Meylan;45.200489;5.770781;26.0;HAUT LE PIED;14;
22/11/23 06:19:35;Inconnu, Meylan;45.200447;5.770615;14.0;HAUT LE PIED;9;
22/11/23 06:19:38;Inconnu, Meylan;45.200367;5.770651;9.0;HAUT LE PIED;1;
22/11/23 06:19:40;Inconnu, Meylan;45.200359;5.770665;;ARRET;0;
22/11/23 06:19:44;Inconnu, Meylan;45.200359;5.770661;;ARRET;0;
22/11/23 06:19:44;Inconnu, Meylan;45.200359;5.770661;;MARCHE ARRIERE;3;
22/11/23 06:19:53;Inconnu, Meylan;45.20039;5.770655;;MARCHE ARRIERE;0;
22/11/23 06:19:53;Inconnu, Meylan;45.20039;5.770655;;ARRET;1;
22/11/23 06:20:01;Inconnu, Meylan;45.200397;5.770659;;COLLECTE;0;
22/11/23 06:20:01;Inconnu, Meylan;45.200397;5.770659;;COLLECTE;0;
22/11/23 06:20:01;Inconnu, Meylan;45.200397;5.770659;;COLLECTE;0;
22/11/23 06:20:08;Inconnu, Meylan;45.200394;5.770663;;COLLECTE;0;
22/11/23 06:20:08;Inconnu, Meylan;45.200394;5.770663;;COLLECTE;0;
22/11/23 06:20:08;Inconnu, Meylan;45.200394;5.770663;;ARRET;0;
22/11/23 06:20:09;Inconnu, Meylan;45.200394;5.770664;0.0;ARRET;31;
22/11/23 06:20:42;Chemin des Pépinières, Meylan;45.200626;5.770873;29.0;HAUT LE PIED;143;
22/11/23 06:20:58;Chemin du Champ Moutet, Meylan;45.201885;5.770537;15.0;HAUT LE PIED;18;
22/11/23 06:21:01;Chemin du Champ Moutet, Meylan;45.201897;5.770305;26.0;HAUT LE PIED;25;
22/11/23 06:21:04;Chemin du Champ Moutet, Meylan;45.201969;5.770003;36.0;HAUT LE PIED;60;
22/11/23 06:21:09;Chemin du Champ Moutet, Meylan;45.202198;5.769314;50.0;HAUT LE PIED;107;
22/11/23 06:21:16;Chemin du Champ Moutet, Meylan;45.202084;5.767955;60.0;HAUT LE PIED;269;
22/11/23 06:21:32;Chemin du Champ Moutet, Meylan;45.20153;5.764616;55.0;HAUT LE PIED;46;
22/11/23 06:22:01;Chemin du Champ Moutet, Meylan;45.201427;5.764045;;COLLECTE;0;
22/11/23 06:22:01;Chemin du Champ Moutet, Meylan;45.201427;5.764045;;COLLECTE;0;
22/11/23 06:22:01;Chemin du Champ Moutet, Meylan;45.201427;5.764045;;COLLECTE;0;
22/11/23 06:22:02;Chemin du Champ Moutet, Meylan;45.201427;5.764045;0.0;COLLECTE;0;
22/11/23 06:22:18;Chemin du Champ Moutet, Meylan;45.201427;5.764045;;COLLECTE;0;
22/11/23 06:22:18;Chemin du Champ Moutet, Meylan;45.201427;5.764045;;COLLECTE;0;
22/11/23 06:22:18;Chemin du Champ Moutet, Meylan;45.201427;5.764045;;ARRET;0;
22/11/23 06:22:24;Chemin du Champ Moutet, Meylan;45.201427;5.764045;;COLLECTE;0;
22/11/23 06:22:24;Chemin du Champ Moutet, Meylan;45.201427;5.764045;;COLLECTE;0;
22/11/23 06:22:24;Chemin du Champ Moutet, Meylan;45.201427;5.764045;;COLLECTE;0;
22/11/23 06:22:33;Chemin du Champ Moutet, Meylan;45.201427;5.764045;;COLLECTE;0;
22/11/23 06:22:33;Chemin du Champ Moutet, Meylan;45.201427;5.764045;;COLLECTE;0;
22/11/23 06:22:33;Chemin du Champ Moutet, Meylan;45.201427;5.764045;;ARRET;30;
22/11/23 06:23:02;Chemin du Champ Moutet, Meylan;45.201366;5.76367;23.0;HAUT LE PIED;330;
22/11/23 06:23:28;Chemin du Champ Moutet, Meylan;45.200542;5.759626;33.0;HAUT LE PIED;25;
22/11/23 06:23:31;Chemin du Champ Moutet, Meylan;45.200397;5.759383;21.0;HAUT LE PIED;12;
22/11/23 06:23:34;Chemin du Champ Moutet, Meylan;45.200298;5.759317;14.0;HAUT LE PIED;17;
22/11/23 06:23:37;Inconnu, La Tronche;45.200161;5.75942;27.0;HAUT LE PIED;50;
22/11/23 06:23:43;Chemin de la Tuilerie, La Tronche;45.199814;5.759818;36.0;HAUT LE PIED;22;
22/11/23 06:23:46;Chemin de la Tuilerie, La Tronche;45.199615;5.759775;30.0;HAUT LE PIED;28;
22/11/23 06:23:49;Chemin de la Tuilerie, La Tronche;45.199409;5.75956;40.0;HAUT LE PIED;30;
22/11/23 06:23:52;Chemin de la Tuilerie, La Tronche;45.199268;5.75924;27.0;HAUT LE PIED;240;
22/11/23 06:24:15;Inconnu, La Tronche;45.198391;5.756438;19.0;HAUT LE PIED;17;
22/11/23 06:24:18;Inconnu, La Tronche;45.198242;5.756433;23.0;HAUT LE PIED;22;
22/11/23 06:24:49;Inconnu, La Tronche;45.198086;5.756613;0.0;DEPOT;3;
22/11/23 06:33:02;Inconnu, La Tronche;45.198109;5.756631;;DEPOT;0;
22/11/23 06:33:02;Inconnu, La Tronche;45.198109;5.756631;;DEPOT;0;
22/11/23 06:33:02;Inconnu, La Tronche;45.198109;5.756631;;DEPOT;0;
22/11/23 06:33:10;Inconnu, La Tronche;45.198105;5.756631;;DEPOT;0;
22/11/23 06:33:10;Inconnu, La Tronche;45.198105;5.756631;;DEPOT;0;
22/11/23 06:33:10;Inconnu, La Tronche;45.198105;5.756631;;DEPOT;0;
22/11/23 06:33:37;Inconnu, La Tronche;45.198109;5.756632;;DEPOT;0;
22/11/23 06:33:37;Inconnu, La Tronche;45.198109;5.756632;;DEPOT;0;
22/11/23 06:33:37;Inconnu, La Tronche;45.198109;5.756632;;DEPOT;2;
22/11/23 06:33:46;Inconnu, La Tronche;45.198093;5.756639;;DEPOT;0;
22/11/23 06:33:46;Inconnu, La Tronche;45.198093;5.756639;;DEPOT;0;
22/11/23 06:33:46;Inconnu, La Tronche;45.198093;5.756639;;DEPOT;1;
22/11/23 06:34:23;Inconnu, La Tronche;45.198086;5.756637;;DEPOT;0;
22/11/23 06:34:23;Inconnu, La Tronche;45.198086;5.756637;;DEPOT;0;
22/11/23 06:34:23;Inconnu, La Tronche;45.198086;5.756637;;DEPOT;0;
22/11/23 06:34:35;Inconnu, La Tronche;45.19809;5.756636;;DEPOT;0;
22/11/23 06:34:35;Inconnu, La Tronche;45.19809;5.756636;;DEPOT;0;
22/11/23 06:34:35;Inconnu, La Tronche;45.19809;5.756636;;DEPOT;40;
22/11/23 06:35:17;Inconnu, La Tronche;45.198082;5.757145;19.0;HAUT LE PIED;17;
22/11/23 06:35:20;Inconnu, La Tronche;45.198231;5.757104;23.0;HAUT LE PIED;31;
22/11/23 06:35:25;Inconnu, La Tronche;45.198498;5.756993;22.0;HAUT LE PIED;18;
22/11/23 06:35:28;Chemin de la Tuilerie, La Tronche;45.198616;5.757144;21.0;HAUT LE PIED;24;
22/11/23 06:35:31;Chemin de la Tuilerie, La Tronche;45.198734;5.757396;29.0;HAUT LE PIED;21;
22/11/23 06:35:34;Chemin de la Tuilerie, La Tronche;45.198856;5.757607;24.0;HAUT LE PIED;18;
22/11/23 06:35:38;Inconnu, La Tronche;45.198906;5.757825;13.0;HAUT LE PIED;13;
22/11/23 06:35:41;Inconnu, La Tronche;45.198814;5.757927;8.0;HAUT LE PIED;27;
22/11/23 06:35:55;Inconnu, La Tronche;45.198589;5.758043;10.0;HAUT LE PIED;3;
22/11/23 06:36:26;Inconnu, La Tronche;45.198559;5.758055;0.0;ARRET;29;
22/11/23 06:36:45;Inconnu, La Tronche;45.198315;5.758172;24.0;HAUT LE PIED;13;
22/11/23 06:36:48;Inconnu, La Tronche;45.1982;5.758186;10.0;HAUT LE PIED;30;
22/11/23 06:36:53;Inconnu, La Tronche;45.197929;5.758212;27.0;HAUT LE PIED;44;
22/11/23 06:36:59;Inconnu, La Tronche;45.197582;5.75848;25.0;HAUT LE PIED;33;
22/11/23 06:37:02;Inconnu, La Tronche;45.197449;5.75885;37.0;HAUT LE PIED;31;
22/11/23 06:37:05;Inconnu, La Tronche;45.197479;5.759245;38.0;HAUT LE PIED;47;
22/11/23 06:37:10;Inconnu, La Tronche;45.197708;5.759742;32.0;HAUT LE PIED;24;
22/11/23 06:37:13;Inconnu, La Tronche;45.197914;5.759821;25.0;HAUT LE PIED;20;
22/11/23 06:37:17;Inconnu, La Tronche;45.198097;5.759809;12.0;HAUT LE PIED;6;
22/11/23 06:37:24;Inconnu, La Tronche;45.198048;5.759778;;VIDAGE;0;
22/11/23 06:37:24;Inconnu, La Tronche;45.198048;5.759778;;MARCHE ARRIERE;7;
22/11/23 06:37:43;Inconnu, La Tronche;45.198078;5.75985;;MARCHE ARRIERE;0;
22/11/23 06:37:43;Inconnu, La Tronche;45.198078;5.75985;;VIDAGE;3;
22/11/23 06:37:48;Inconnu, La Tronche;45.198078;5.759818;0.0;VIDAGE;36;
22/11/23 06:39:02;Inconnu, La Tronche;45.198231;5.76022;6.0;HAUT LE PIED;6;
22/11/23 06:39:33;Inconnu, La Tronche;45.198246;5.760149;0.0;VIDAGE;28;
22/11/23 06:40:30;Inconnu, La Tronche;45.198021;5.759979;14.0;HAUT LE PIED;24;
22/11/23 06:40:33;Inconnu, La Tronche;45.197838;5.759822;17.0;HAUT LE PIED;33;
22/11/23 06:40:36;Inconnu, La Tronche;45.197575;5.759637;33.0;HAUT LE PIED;31;
22/11/23 06:40:39;Inconnu, La Tronche;45.197487;5.759262;44.0;HAUT LE PIED;39;
22/11/23 06:40:43;Inconnu, La Tronche;45.197498;5.758763;42.0;HAUT LE PIED;31;
22/11/23 06:40:46;Inconnu, La Tronche;45.197693;5.758479;44.0;HAUT LE PIED;44;
22/11/23 06:40:51;Inconnu, La Tronche;45.198032;5.758188;30.0;HAUT LE PIED;23;
22/11/23 06:40:54;Inconnu, La Tronche;45.198235;5.75824;24.0;HAUT LE PIED;14;
22/11/23 06:40:57;Inconnu, La Tronche;45.198357;5.758269;18.0;HAUT LE PIED;10;
22/11/23 06:41:00;Inconnu, La Tronche;45.198441;5.758233;12.0;HAUT LE PIED;30;
22/11/23 06:41:30;Inconnu, La Tronche;45.198689;5.758089;0.0;ARRET;29;
22/11/23 06:42:04;Chemin de la Tuilerie, La Tronche;45.19891;5.758273;21.0;HAUT LE PIED;31;
22/11/23 06:42:08;Inconnu, La Tronche;45.199013;5.758643;30.0;HAUT LE PIED;75;
22/11/23 06:42:15;Chemin de la Tuilerie, La Tronche;45.199337;5.759482;47.0;HAUT LE PIED;35;
22/11/23 06:42:18;Chemin de la Tuilerie, La Tronche;45.199581;5.759767;38.0;HAUT LE PIED;28;
22/11/23 06:42:21;Chemin de la Tuilerie, La Tronche;45.199821;5.759873;32.0;HAUT LE PIED;28;
22/11/23 06:42:24;Chemin de la Tuilerie, La Tronche;45.200027;5.759676;38.0;HAUT LE PIED;65;
22/11/23 06:42:36;Chemin de la Tuilerie, Meylan;45.200497;5.759181;14.0;HAUT LE PIED;40;
22/11/23 06:43:07;Avenue de Verdun, Meylan;45.200836;5.759021;0.0;ARRET;30;
22/11/23 06:43:23;Avenue de Verdun, Meylan;45.201084;5.759174;24.0;HAUT LE PIED;44;
22/11/23 06:43:28;Avenue de Verdun, Meylan;45.201401;5.759517;42.0;HAUT LE PIED;476;
22/11/23 06:43:59;Avenue de Verdun, Meylan;45.204487;5.763727;38.0;HAUT LE PIED;240;
22/11/23 06:44:30;Avenue de Verdun, Meylan;45.206001;5.765916;55.0;HAUT LE PIED;483;
22/11/23 06:45:01;Avenue de Verdun, Meylan;45.209023;5.770345;68.0;HAUT LE PIED;584;
22/11/23 06:45:32;Avenue de Verdun, Meylan;45.212639;5.77575;49.0;HAUT LE PIED;231;
22/11/23 06:45:58;Avenue de Verdun, Meylan;45.213806;5.778194;36.0;HAUT LE PIED;54;
22/11/23 06:46:03;Avenue de Verdun, Meylan;45.214008;5.778821;45.0;HAUT LE PIED;68;
22/11/23 06:46:11;Inconnu, Meylan;45.214085;5.779685;28.0;HAUT LE PIED;26;
22/11/23 06:46:14;Inconnu, Meylan;45.213997;5.779986;33.0;HAUT LE PIED;27;
22/11/23 06:46:17;Inconnu, Meylan;45.214085;5.780308;35.0;HAUT LE PIED;27;
22/11/23 06:46:20;Inconnu, Meylan;45.214329;5.780338;32.0;HAUT LE PIED;28;
22/11/23 06:46:23;D 1090, Meylan;45.21455;5.7805;37.0;HAUT LE PIED;137;
22/11/23 06:46:34;D 1090, Meylan;45.215492;5.781635;45.0;HAUT LE PIED;227;
22/11/23 06:46:51;Avenue des 7 Laux, Meylan;45.216763;5.783896;47.0;HAUT LE PIED;96;
22/11/23 06:46:58;Avenue des 7 Laux, Meylan;45.217209;5.78494;50.0;HAUT LE PIED;193;
22/11/23 06:47:13;D 1090, Meylan;45.218517;5.786565;43.0;HAUT LE PIED;326;
22/11/23 06:47:40;D 1090, Meylan;45.220707;5.789332;44.0;HAUT LE PIED;278;
22/11/23 06:48:00;D 1090, Meylan;45.22234;5.792015;47.0;HAUT LE PIED;186;
22/11/23 06:48:15;D 1090, Meylan;45.223454;5.793783;36.0;HAUT LE PIED;29;
22/11/23 06:48:45;D 1090, Meylan;45.223576;5.794105;0.0;ARRET;0;
22/11/23 06:48:49;D 1090, Meylan;45.223576;5.794101;;MOTEUR OFF;0;
22/11/23 06:48:49;D 1090, Meylan;45.223576;5.794101;;MOTEUR OFF;0;
22/11/23 06:48:52;D 1090, Meylan;45.223576;5.794098;;ARRET;0;
22/11/23 06:49:01;D 1090, Meylan;45.223576;5.794098;;ARRET;0;
22/11/23 06:49:23;D 1090, Meylan;45.223576;5.794098;;ARRET;0;
22/11/23 06:49:23;D 1090, Meylan;45.223576;5.794098;;COLLECTE;0;
22/11/23 06:49:23;D 1090, Meylan;45.223576;5.794098;;COLLECTE;0;
22/11/23 06:49:33;D 1090, Meylan;45.223576;5.794098;;COLLECTE;0;
22/11/23 06:49:33;D 1090, Meylan;45.223576;5.794098;;COLLECTE;0;
22/11/23 06:49:33;D 1090, Meylan;45.223576;5.794098;;ARRET;0;
22/11/23 06:49:40;D 1090, Meylan;45.223579;5.794096;;COLLECTE;0;
22/11/23 06:49:40;D 1090, Meylan;45.223579;5.794096;;COLLECTE;0;
22/11/23 06:49:40;D 1090, Meylan;45.223579;5.794096;;COLLECTE;1;
22/11/23 06:49:49;D 1090, Meylan;45.223572;5.794086;;COLLECTE;0;
22/11/23 06:49:49;D 1090, Meylan;45.223572;5.794086;;COLLECTE;0;
22/11/23 06:49:49;D 1090, Meylan;45.223572;5.794086;;ARRET;1;
22/11/23 06:49:54;D 1090, Meylan;45.223579;5.794101;;ARRET;26;
22/11/23 06:50:00;D 1090, Meylan;45.223721;5.794366;25.0;HAUT LE PIED;57;
22/11/23 06:50:09;D 1090, Meylan;45.22403;5.794945;14.0;HAUT LE PIED;0;
22/11/23 06:50:10;D 1090, Meylan;45.22403;5.794945;;ARRET;2;
22/11/23 06:50:16;D 1090, Meylan;45.224018;5.794962;;ARRET;0;
22/11/23 06:50:16;D 1090, Meylan;45.224018;5.794962;;COLLECTE;2;
22/11/23 06:50:24;D 1090, Meylan;45.224033;5.794974;;COLLECTE;0;
22/11/23 06:50:24;D 1090, Meylan;45.224033;5.794974;;ARRET;21;
22/11/23 06:50:38;D 1090, Meylan;45.224144;5.795187;;ARRET;0;
22/11/23 06:50:38;D 1090, Meylan;45.224144;5.795187;;COLLECTE;1;
22/11/23 06:50:40;D 1090, Meylan;45.224148;5.795182;0.0;COLLECTE;1;
22/11/23 06:50:46;D 1090, Meylan;45.224148;5.795198;;COLLECTE;0;
22/11/23 06:50:46;D 1090, Meylan;45.224148;5.795198;;ARRET;24;
22/11/23 06:50:54;Rue du Général de Gaulle, Montbonnot-Saint-Martin;45.224216;5.795493;18.0;HAUT LE PIED;142;
22/11/23 06:51:14;Rue du Général de Gaulle, Montbonnot-Saint-Martin;45.224686;5.79718;12.0;HAUT LE PIED;19;
22/11/23 06:51:17;Chemin des Arriots, Montbonnot-Saint-Martin;45.224846;5.797102;23.0;HAUT LE PIED;61;
22/11/23 06:51:25;Impasse des Arriots, Montbonnot-Saint-Martin;45.225391;5.796989;18.0;HAUT LE PIED;13;
22/11/23 06:51:28;Chemin des Arriots, Montbonnot-Saint-Martin;45.225464;5.796856;20.0;HAUT LE PIED;12;
22/11/23 06:51:31;Chemin des Arriots, Montbonnot-Saint-Martin;45.225353;5.796861;24.0;HAUT LE PIED;16;
22/11/23 06:51:34;Chemin des Arriots, Montbonnot-Saint-Martin;45.225224;5.796947;23.0;HAUT LE PIED;56;
22/11/23 06:51:42;Chemin des Arriots, Montbonnot-Saint-Martin;45.224735;5.797115;9.0;HAUT LE PIED;26;
22/11/23 06:51:50;Rue du Général de Gaulle, Montbonnot-Saint-Martin;45.224613;5.796834;20.0;HAUT LE PIED;204;
22/11/23 06:52:08;D 1090, Meylan;45.223843;5.794472;25.0;HAUT LE PIED;3;
22/11/23 06:52:13;D 1090, Meylan;45.223866;5.794479;;ARRET;0;
22/11/23 06:52:13;D 1090, Meylan;45.223866;5.794479;;COLLECTE;2;
22/11/23 06:52:21;D 1090, Meylan;45.223854;5.794463;;COLLECTE;0;
22/11/23 06:52:21;D 1090, Meylan;45.223854;5.794463;;ARRET;1;
22/11/23 06:52:25;D 1090, Meylan;45.223858;5.794459;;COLLECTE;0;
22/11/23 06:52:25;D 1090, Meylan;45.223858;5.794459;;COLLECTE;0;
22/11/23 06:52:25;D 1090, Meylan;45.223858;5.794459;;COLLECTE;0;
22/11/23 06:52:34;D 1090, Meylan;45.223858;5.794458;;COLLECTE;0;
22/11/23 06:52:34;D 1090, Meylan;45.223858;5.794458;;COLLECTE;0;
22/11/23 06:52:34;D 1090, Meylan;45.223858;5.794458;;ARRET;1;
22/11/23 06:52:38;D 1090, Meylan;45.223862;5.794444;0.0;ARRET;0;
22/11/23 06:52:39;D 1090, Meylan;45.223862;5.794444;;ARRET;164;
22/11/23 06:53:08;Impasse de la Détourbe, Meylan;45.223015;5.792733;19.0;HAUT LE PIED;12;
22/11/23 06:53:11;Impasse de la Détourbe, Meylan;45.223091;5.792623;14.0;HAUT LE PIED;52;
22/11/23 06:53:19;Impasse de la Détourbe, Meylan;45.223476;5.792237;26.0;HAUT LE PIED;14;
22/11/23 06:53:22;Impasse de la Détourbe, Meylan;45.223591;5.792151;19.0;HAUT LE PIED;5;
22/11/23 06:53:25;Impasse de la Détourbe, Meylan;45.223595;5.792089;;ARRET;3;
22/11/23 06:53:33;Impasse de la Détourbe, Meylan;45.223618;5.792074;;ARRET;0;
22/11/23 06:53:33;Impasse de la Détourbe, Meylan;45.223618;5.792074;;COLLECTE;0;
22/11/23 06:53:40;Impasse de la Détourbe, Meylan;45.223618;5.792073;;COLLECTE;0;
22/11/23 06:53:40;Impasse de la Détourbe, Meylan;45.223618;5.792073;;ARRET;15;
22/11/23 06:53:52;Impasse de la Détourbe, Meylan;45.223488;5.792051;0.0;ARRET;1;
22/11/23 06:53:57;Impasse de la Détourbe, Meylan;45.223488;5.792044;;COLLECTE;0;
22/11/23 06:53:57;Impasse de la Détourbe, Meylan;45.223488;5.792044;;COLLECTE;0;
22/11/23 06:53:57;Impasse de la Détourbe, Meylan;45.223488;5.792044;;COLLECTE;2;
22/11/23 06:54:06;Impasse de la Détourbe, Meylan;45.223476;5.792029;;COLLECTE;0;
22/11/23 06:54:06;Impasse de la Détourbe, Meylan;45.223476;5.792029;;COLLECTE;0;
22/11/23 06:54:06;Impasse de la Détourbe, Meylan;45.223476;5.792029;;ARRET;0;
22/11/23 06:54:13;Impasse de la Détourbe, Meylan;45.223476;5.792029;;COLLECTE;0;
22/11/23 06:54:13;Impasse de la Détourbe, Meylan;45.223476;5.792029;;COLLECTE;0;
22/11/23 06:54:13;Impasse de la Détourbe, Meylan;45.223476;5.792029;;COLLECTE;0;
22/11/23 06:54:23;Impasse de la Détourbe, Meylan;45.223476;5.792029;;COLLECTE;0;
22/11/23 06:54:23;Impasse de la Détourbe, Meylan;45.223476;5.792029;;COLLECTE;0;
22/11/23 06:54:23;Impasse de la Détourbe, Meylan;45.223476;5.792029;;ARRET;0;
22/11/23 06:54:32;Impasse de la Détourbe, Meylan;45.223476;5.79203;;COLLECTE;0;
22/11/23 06:54:32;Impasse de la Détourbe, Meylan;45.223476;5.79203;;COLLECTE;0;
22/11/23 06:54:32;Impasse de la Détourbe, Meylan;45.223476;5.79203;;COLLECTE;0;
22/11/23 06:54:45;Impasse de la Détourbe, Meylan;45.223476;5.79203;;COLLECTE;0;
22/11/23 06:54:45;Impasse de la Détourbe, Meylan;45.223476;5.79203;;COLLECTE;0;
22/11/23 06:54:45;Impasse de la Détourbe, Meylan;45.223476;5.79203;;ARRET;0;
22/11/23 06:54:50;Impasse de la Détourbe, Meylan;45.223476;5.79203;;COLLECTE;0;
22/11/23 06:54:50;Impasse de la Détourbe, Meylan;45.223476;5.79203;;COLLECTE;0;
22/11/23 06:54:50;Impasse de la Détourbe, Meylan;45.223476;5.79203;;COLLECTE;0;
22/11/23 06:55:05;Impasse de la Détourbe, Meylan;45.223476;5.79203;;COLLECTE;0;
22/11/23 06:55:05;Impasse de la Détourbe, Meylan;45.223476;5.79203;;COLLECTE;0;
22/11/23 06:55:05;Impasse de la Détourbe, Meylan;45.223476;5.79203;;ARRET;0;
22/11/23 06:55:19;Impasse de la Détourbe, Meylan;45.223476;5.792031;;COLLECTE;0;
22/11/23 06:55:19;Impasse de la Détourbe, Meylan;45.223476;5.792031;;COLLECTE;0;
22/11/23 06:55:19;Impasse de la Détourbe, Meylan;45.223476;5.792031;;COLLECTE;0;
22/11/23 06:55:38;Impasse de la Détourbe, Meylan;45.223476;5.792031;;COLLECTE;0;
22/11/23 06:55:38;Impasse de la Détourbe, Meylan;45.223476;5.792031;;COLLECTE;0;
22/11/23 06:55:38;Impasse de la Détourbe, Meylan;45.223476;5.792031;;ARRET;0;
22/11/23 06:55:45;Impasse de la Détourbe, Meylan;45.223476;5.792031;;COLLECTE;0;
22/11/23 06:55:45;Impasse de la Détourbe, Meylan;45.223476;5.792031;;COLLECTE;0;
22/11/23 06:55:45;Impasse de la Détourbe, Meylan;45.223476;5.792031;;COLLECTE;0;
22/11/23 06:56:00;Impasse de la Détourbe, Meylan;45.223476;5.792032;;COLLECTE;0;
22/11/23 06:56:00;Impasse de la Détourbe, Meylan;45.223476;5.792032;;COLLECTE;0;
22/11/23 06:56:00;Impasse de la Détourbe, Meylan;45.223476;5.792032;;ARRET;0;
22/11/23 06:56:06;Impasse de la Détourbe, Meylan;45.223476;5.792032;;ARRET;0;
22/11/23 06:56:06;Impasse de la Détourbe, Meylan;45.223476;5.792032;;COLLECTE;0;
22/11/23 06:56:12;Impasse de la Détourbe, Meylan;45.223476;5.792032;;COLLECTE;0;
22/11/23 06:56:12;Impasse de la Détourbe, Meylan;45.223476;5.792032;;ARRET;27;
22/11/23 06:56:24;Impasse de la Détourbe, Meylan;45.223339;5.79231;6.0;HAUT LE PIED;2;
22/11/23 06:56:32;Impasse de la Détourbe, Meylan;45.22332;5.792306;;ARRET;0;
22/11/23 06:56:32;Impasse de la Détourbe, Meylan;45.22332;5.792306;;COLLECTE;0;
22/11/23 06:56:40;Impasse de la Détourbe, Meylan;45.223324;5.792308;;COLLECTE;0;
22/11/23 06:56:40;Impasse de la Détourbe, Meylan;45.223324;5.792308;;ARRET;28;
22/11/23 06:56:51;Impasse de la Détourbe, Meylan;45.223118;5.792519;11.0;HAUT LE PIED;9;
22/11/23 06:57:05;Impasse de la Détourbe, Meylan;45.223049;5.792576;;ARRET;0;
22/11/23 06:57:05;Impasse de la Détourbe, Meylan;45.223049;5.792576;;COLLECTE;2;
22/11/23 06:57:13;Impasse de la Détourbe, Meylan;45.22303;5.792577;;COLLECTE;0;
22/11/23 06:57:13;Impasse de la Détourbe, Meylan;45.22303;5.792577;;ARRET;1;
22/11/23 06:57:16;Impasse de la Détourbe, Meylan;45.223026;5.792588;;ARRET;15;
22/11/23 06:57:22;D 1090, Meylan;45.222916;5.792689;7.0;HAUT LE PIED;12;
22/11/23 06:57:25;D 1090, Meylan;45.222828;5.792607;18.0;HAUT LE PIED;217;
22/11/23 06:57:56;D 1090, Meylan;45.221462;5.790622;9.0;HAUT LE PIED;126;
22/11/23 06:58:26;D 1090, Meylan;45.22076;5.789364;0.0;ARRET;1;
22/11/23 06:58:28;D 1090, Meylan;45.220753;5.789353;;ARRET;1;
22/11/23 06:58:37;D 1090, Meylan;45.22076;5.789343;;COLLECTE;0;
22/11/23 06:58:37;D 1090, Meylan;45.22076;5.789343;;COLLECTE;0;
22/11/23 06:58:37;D 1090, Meylan;45.22076;5.789343;;COLLECTE;0;
22/11/23 06:58:45;D 1090, Meylan;45.22076;5.78934;;COLLECTE;0;
22/11/23 06:58:45;D 1090, Meylan;45.22076;5.78934;;COLLECTE;0;
22/11/23 06:58:45;D 1090, Meylan;45.22076;5.78934;;ARRET;3;
22/11/23 06:58:54;Les Jaillières, Meylan;45.220737;5.78931;;ARRET;0;
22/11/23 06:58:54;Les Jaillières, Meylan;45.220737;5.78931;;COLLECTE;0;
22/11/23 06:59:02;Les Jaillières, Meylan;45.220741;5.789308;;COLLECTE;0;
22/11/23 06:59:02;Les Jaillières, Meylan;45.220741;5.789308;;ARRET;1;
22/11/23 06:59:06;Les Jaillières, Meylan;45.220737;5.789301;;ARRET;20;
22/11/23 06:59:11;Les Jaillières, Meylan;45.220619;5.789103;21.0;HAUT LE PIED;54;
22/11/23 06:59:22;D 1090, Meylan;45.220299;5.78859;;ARRET;1;
22/11/23 06:59:29;D 1090, Meylan;45.220303;5.788598;;ARRET;0;
22/11/23 06:59:30;D 1090, Meylan;45.220303;5.788598;;COLLECTE;0;
22/11/23 06:59:38;D 1090, Meylan;45.220303;5.788599;;COLLECTE;0;
22/11/23 06:59:38;D 1090, Meylan;45.220303;5.788599;;ARRET;10;
22/11/23 06:59:42;D 1090, Meylan;45.220242;5.788511;7.0;HAUT LE PIED;2;
22/11/23 06:59:46;D 1090, Meylan;45.220238;5.788491;;COLLECTE;0;
22/11/23 06:59:46;D 1090, Meylan;45.220238;5.788491;;COLLECTE;0;
22/11/23 06:59:46;D 1090, Meylan;45.220238;5.788491;;COLLECTE;1;
22/11/23 06:59:55;D 1090, Meylan;45.22023;5.788477;;COLLECTE;0;
22/11/23 06:59:55;D 1090, Meylan;45.22023;5.788477;;COLLECTE;0;
22/11/23 06:59:55;D 1090, Meylan;45.22023;5.788477;;ARRET;4;
22/11/23 07:00:02;D 1090, Meylan;45.220207;5.788445;;ARRET;41;
22/11/23 07:00:12;D 1090, Meylan;45.219944;5.788083;10.0;HAUT LE PIED;122;
22/11/23 07:00:31;D 1090, Meylan;45.219101;5.787096;;ARRET;3;
22/11/23 07:00:40;D 1090, Meylan;45.219093;5.787066;;ARRET;0;
22/11/23 07:00:40;D 1090, Meylan;45.219093;5.787066;;COLLECTE;1;
22/11/23 07:00:43;D 1090, Meylan;45.219093;5.787055;0.0;COLLECTE;0;
22/11/23 07:00:48;D 1090, Meylan;45.219093;5.787052;;COLLECTE;0;
22/11/23 07:00:48;D 1090, Meylan;45.219093;5.787052;;ARRET;0;
22/11/23 07:00:55;D 1090, Meylan;45.219093;5.787052;;ARRET;28;
22/11/23 07:01:07;Saint-Mury, Meylan;45.218903;5.786816;22.0;HAUT LE PIED;29;
22/11/23 07:01:12;Allée des Fleurs, Meylan;45.218712;5.786557;11.0;HAUT LE PIED;6;
22/11/23 07:01:15;D 1090, Meylan;45.218658;5.786549;;ARRET;1;
22/11/23 07:01:34;D 1090, Meylan;45.218647;5.786553;;COLLECTE;0;
22/11/23 07:01:34;D 1090, Meylan;45.218647;5.786553;;COLLECTE;0;
22/11/23 07:01:34;D 1090, Meylan;45.218647;5.786553;;COLLECTE;0;
22/11/23 07:01:42;D 1090, Meylan;45.218647;5.786553;0.0;COLLECTE;0;
22/11/23 07:01:47;D 1090, Meylan;45.218647;5.786552;;COLLECTE;0;
22/11/23 07:01:47;D 1090, Meylan;45.218647;5.786552;;COLLECTE;0;
22/11/23 07:01:47;D 1090, Meylan;45.218647;5.786552;;ARRET;0;
22/11/23 07:01:53;D 1090, Meylan;45.218647;5.786553;;COLLECTE;0;
22/11/23 07:01:53;D 1090, Meylan;45.218647;5.786553;;COLLECTE;0;
22/11/23 07:01:53;D 1090, Meylan;45.218647;5.786553;;COLLECTE;0;
22/11/23 07:02:00;D 1090, Meylan;45.218647;5.786553;;COLLECTE;0;
22/11/23 07:02:00;D 1090, Meylan;45.218647;5.786553;;COLLECTE;0;
22/11/23 07:02:00;D 1090, Meylan;45.218647;5.786553;;ARRET;1;
22/11/23 07:02:09;D 1090, Meylan;45.218647;5.786545;;ARRET;27;
22/11/23 07:02:15;D 1090, Meylan;45.21846;5.786332;23.0;HAUT LE PIED;24;
22/11/23 07:02:22;D 1090, Meylan;45.218296;5.786143;;ARRET;1;
22/11/23 07:02:31;D 1090, Meylan;45.218296;5.786135;;COLLECTE;0;
22/11/23 07:02:33;D 1090, Meylan;45.218296;5.786132;;COLLECTE;0;
22/11/23 07:02:33;D 1090, Meylan;45.218296;5.786132;;COLLECTE;0;
22/11/23 07:02:39;D 1090, Meylan;45.218296;5.786129;;COLLECTE;0;
22/11/23 07:02:41;D 1090, Meylan;45.218296;5.786128;;COLLECTE;0;
22/11/23 07:02:41;D 1090, Meylan;45.218296;5.786128;;ARRET;1;
22/11/23 07:02:45;D 1090, Meylan;45.218288;5.78612;0.0;ARRET;2;
22/11/23 07:02:47;D 1090, Meylan;45.218277;5.786105;;ARRET;50;
22/11/23 07:02:58;Avenue des 7 Laux, Meylan;45.21793;5.785697;;ARRET;2;
22/11/23 07:03:05;Avenue des 7 Laux, Meylan;45.217911;5.785686;;ARRET;0;
22/11/23 07:03:05;Avenue des 7 Laux, Meylan;45.217911;5.785686;;COLLECTE;2;
22/11/23 07:03:13;Avenue des 7 Laux, Meylan;45.217899;5.785676;;COLLECTE;0;
22/11/23 07:03:13;Avenue des 7 Laux, Meylan;45.217899;5.785676;;ARRET;0;
22/11/23 07:03:17;Avenue des 7 Laux, Meylan;45.217899;5.785682;;ARRET;141;
22/11/23 07:03:37;Avenue des 7 Laux, Meylan;45.21698;5.784442;30.0;HAUT LE PIED;38;
22/11/23 07:03:42;Avenue des 7 Laux, Meylan;45.21682;5.784009;30.0;HAUT LE PIED;34;
22/11/23 07:03:46;Avenue des 7 Laux, Meylan;45.216675;5.783621;31.0;HAUT LE PIED;52;
22/11/23 07:03:54;Avenue des 7 Laux, Meylan;45.216412;5.783075;9.0;HAUT LE PIED;4;
22/11/23 07:03:57;Avenue des 7 Laux, Meylan;45.216389;5.783033;;ARRET;1;
22/11/23 07:04:02;Avenue des 7 Laux, Meylan;45.216396;5.783023;;ARRET;0;
22/11/23 07:04:02;Avenue des 7 Laux, Meylan;45.216396;5.783019;;COLLECTE;0;
22/11/23 07:04:10;Avenue des 7 Laux, Meylan;45.216396;5.783018;;COLLECTE;0;
22/11/23 07:04:10;Avenue des 7 Laux, Meylan;45.216396;5.783018;;ARRET;1;
22/11/23 07:04:13;Avenue des 7 Laux, Meylan;45.216389;5.783008;;ARRET;48;
22/11/23 07:04:24;Avenue des 7 Laux, Meylan;45.216114;5.782537;5.0;HAUT LE PIED;1;
22/11/23 07:04:25;Avenue des 7 Laux, Meylan;45.21611;5.78253;;ARRET;1;
22/11/23 07:04:33;Avenue des 7 Laux, Meylan;45.216114;5.782537;;ARRET;0;
22/11/23 07:04:33;Avenue des 7 Laux, Meylan;45.216114;5.782537;;COLLECTE;0;
22/11/23 07:04:41;Avenue des 7 Laux, Meylan;45.21611;5.782536;;COLLECTE;0;
22/11/23 07:04:41;Avenue des 7 Laux, Meylan;45.21611;5.782536;;ARRET;3;
22/11/23 07:04:45;Avenue des 7 Laux, Meylan;45.216091;5.782516;;ARRET;66;
22/11/23 07:04:55;Rue Beausoleil, Meylan;45.215717;5.781864;30.0;HAUT LE PIED;39;
22/11/23 07:05:00;Avenue des 7 Laux, Meylan;45.215496;5.781474;23.0;HAUT LE PIED;22;
22/11/23 07:05:03;Avenue des 7 Laux, Meylan;45.215382;5.781247;28.0;HAUT LE PIED;16;
22/11/23 07:05:08;Avenue des 7 Laux, Meylan;45.215298;5.781081;;ARRET;0;
22/11/23 07:05:12;Avenue des 7 Laux, Meylan;45.215302;5.781079;;ARRET;0;
22/11/23 07:05:12;Avenue des 7 Laux, Meylan;45.215302;5.781079;;COLLECTE;0;
22/11/23 07:05:20;Avenue des 7 Laux, Meylan;45.215298;5.78108;;COLLECTE;0;
22/11/23 07:05:20;Avenue des 7 Laux, Meylan;45.215298;5.78108;;ARRET;0;
22/11/23 07:05:24;Avenue des 7 Laux, Meylan;45.215298;5.781081;;ARRET;44;
22/11/23 07:05:34;Avenue des 7 Laux, Meylan;45.215038;5.780659;0.0;ARRET;0;
22/11/23 07:05:35;Avenue des 7 Laux, Meylan;45.215038;5.780659;;ARRET;2;
22/11/23 07:05:40;Avenue des 7 Laux, Meylan;45.215023;5.780649;;ARRET;0;
22/11/23 07:05:40;Avenue des 7 Laux, Meylan;45.215023;5.780649;;COLLECTE;1;
22/11/23 07:05:48;Avenue des 7 Laux, Meylan;45.215012;5.780649;;COLLECTE;0;
22/11/23 07:05:48;Avenue des 7 Laux, Meylan;45.215012;5.780649;;ARRET;4;
22/11/23 07:05:53;Avenue des 7 Laux, Meylan;45.214996;5.780606;;ARRET;64;
22/11/23 07:06:05;Inconnu, Meylan;45.214653;5.779958;13.0;HAUT LE PIED;11;
22/11/23 07:06:08;Inconnu, Meylan;45.21468;5.779829;9.0;HAUT LE PIED;6;
22/11/23 07:06:11;Chemin de l'Ancienne Mairie, Meylan;45.214725;5.77979;8.0;HAUT LE PIED;11;
22/11/23 07:06:14;Chemin de l'Ancienne Mairie, Meylan;45.214817;5.779759;14.0;HAUT LE PIED;22;
22/11/23 07:06:19;Les Muriers, Meylan;45.215012;5.779712;14.0;HAUT LE PIED;3;
22/11/23 07:06:22;Les Muriers, Meylan;45.215038;5.779706;;ARRET;2;
22/11/23 07:06:27;Les Muriers, Meylan;45.215034;5.779725;;ARRET;0;
22/11/23 07:06:27;Les Muriers, Meylan;45.215034;5.779725;;COLLECTE;1;
22/11/23 07:06:36;Les Muriers, Meylan;45.215027;5.779731;;COLLECTE;0;
22/11/23 07:06:36;Les Muriers, Meylan;45.215027;5.779731;;ARRET;0;
22/11/23 07:06:41;Les Muriers, Meylan;45.215031;5.779729;;ARRET;37;
22/11/23 07:06:49;Chemin de l'Ancienne Mairie, Meylan;45.215351;5.77961;28.0;HAUT LE PIED;24;
22/11/23 07:06:56;Chemin de l'Ancienne Mairie, Meylan;45.215569;5.779585;;ARRET;2;
22/11/23 07:07:04;Chemin de l'Ancienne Mairie, Meylan;45.215584;5.779572;;ARRET;0;
22/11/23 07:07:04;Chemin de l'Ancienne Mairie, Meylan;45.215588;5.779572;;COLLECTE;0;
22/11/23 07:07:13;Chemin de l'Ancienne Mairie, Meylan;45.215591;5.779568;;COLLECTE;0;
22/11/23 07:07:13;Chemin de l'Ancienne Mairie, Meylan;45.215591;5.779568;;ARRET;0;
22/11/23 07:07:18;Chemin de l'Ancienne Mairie, Meylan;45.215591;5.779568;;ARRET;4;
22/11/23 07:07:19;Chemin de l'Ancienne Mairie, Meylan;45.215626;5.779564;13.0;HAUT LE PIED;56;
22/11/23 07:07:31;Chemin de l'Ancienne Mairie, Meylan;45.216125;5.779509;20.0;HAUT LE PIED;15;
22/11/23 07:07:34;Chemin de l'Ancienne Mairie, Meylan;45.216259;5.77953;17.0;HAUT LE PIED;12;
22/11/23 07:07:37;Chemin de l'Ancienne Mairie, Meylan;45.216366;5.779502;12.0;HAUT LE PIED;15;
22/11/23 07:07:40;Chemin de l'Ancienne Mairie, Meylan;45.216503;5.779469;23.0;HAUT LE PIED;113;
22/11/23 07:07:55;Chemin de l'Ancienne Mairie, Meylan;45.217468;5.779016;28.0;HAUT LE PIED;20;
22/11/23 07:08:00;Chemin de l'Ancienne Mairie, Meylan;45.21764;5.779087;;ARRET;2;
22/11/23 07:08:25;Chemin de l'Ancienne Mairie, Meylan;45.217644;5.77911;0.0;ARRET;0;
22/11/23 07:08:33;Chemin de l'Ancienne Mairie, Meylan;45.217644;5.77911;;ARRET;0;
22/11/23 07:08:33;Chemin de l'Ancienne Mairie, Meylan;45.217644;5.77911;;COLLECTE;0;
22/11/23 07:08:41;Chemin de l'Ancienne Mairie, Meylan;45.217644;5.77911;;COLLECTE;0;
22/11/23 07:08:41;Chemin de l'Ancienne Mairie, Meylan;45.217644;5.77911;;ARRET;2;
22/11/23 07:08:49;Chemin de l'Ancienne Mairie, Meylan;45.217659;5.779119;;ARRET;24;
22/11/23 07:08:55;Chemin de l'Ancienne Mairie, Meylan;45.217869;5.779199;15.0;HAUT LE PIED;9;
22/11/23 07:08:58;Avenue de Chartreuse, Meylan;45.217911;5.77929;10.0;HAUT LE PIED;10;
22/11/23 07:09:01;Avenue de Chartreuse, Meylan;45.217941;5.779416;16.0;HAUT LE PIED;29;
22/11/23 07:09:09;Avenue de Chartreuse, Meylan;45.217915;5.77978;20.0;HAUT LE PIED;11;
22/11/23 07:09:12;Avenue de Chartreuse, Meylan;45.217915;5.779926;11.0;HAUT LE PIED;4;
22/11/23 07:09:15;Avenue de Chartreuse, Meylan;45.217899;5.779977;;ARRET;5;
22/11/23 07:09:16;Avenue de Chartreuse, Meylan;45.217899;5.780043;10.0;HAUT LE PIED;11;
22/11/23 07:09:46;Avenue de Chartreuse, Meylan;45.217926;5.780173;0.0;ARRET;0;
22/11/23 07:09:52;Avenue de Chartreuse, Meylan;45.217926;5.780173;;COLLECTE;0;
22/11/23 07:09:52;Avenue de Chartreuse, Meylan;45.217926;5.780173;;COLLECTE;0;
22/11/23 07:09:53;Avenue de Chartreuse, Meylan;45.217926;5.780173;;COLLECTE;0;
22/11/23 07:10:01;Avenue de Chartreuse, Meylan;45.217926;5.780173;;COLLECTE;0;
22/11/23 07:10:01;Avenue de Chartreuse, Meylan;45.217926;5.780173;;COLLECTE;0;
22/11/23 07:10:01;Avenue de Chartreuse, Meylan;45.217926;5.780173;;ARRET;0;
22/11/23 07:10:17;Avenue de Chartreuse, Meylan;45.217926;5.780173;;COLLECTE;0;
22/11/23 07:10:17;Avenue de Chartreuse, Meylan;45.217926;5.780173;;COLLECTE;0;
22/11/23 07:10:18;Avenue de Chartreuse, Meylan;45.217926;5.780173;;COLLECTE;0;
22/11/23 07:10:29;Avenue de Chartreuse, Meylan;45.217926;5.780173;;COLLECTE;0;
22/11/23 07:10:29;Avenue de Chartreuse, Meylan;45.217926;5.780173;;COLLECTE;0;
22/11/23 07:10:29;Avenue de Chartreuse, Meylan;45.217926;5.780173;;ARRET;0;
22/11/23 07:10:45;Avenue de Chartreuse, Meylan;45.217926;5.780173;;COLLECTE;0;
22/11/23 07:10:45;Avenue de Chartreuse, Meylan;45.217926;5.780173;;COLLECTE;0;
22/11/23 07:10:45;Avenue de Chartreuse, Meylan;45.217926;5.780173;;COLLECTE;0;
22/11/23 07:10:56;Avenue de Chartreuse, Meylan;45.217926;5.780173;;COLLECTE;0;
22/11/23 07:10:56;Avenue de Chartreuse, Meylan;45.217926;5.780173;;COLLECTE;0;
22/11/23 07:10:56;Avenue de Chartreuse, Meylan;45.217926;5.780173;;ARRET;0;
22/11/23 07:11:02;Avenue de Chartreuse, Meylan;45.217926;5.780173;;COLLECTE;0;
22/11/23 07:11:02;Avenue de Chartreuse, Meylan;45.217926;5.780173;;COLLECTE;0;
22/11/23 07:11:02;Avenue de Chartreuse, Meylan;45.217926;5.780173;;COLLECTE;0;
22/11/23 07:11:10;Avenue de Chartreuse, Meylan;45.217926;5.780173;;COLLECTE;0;
22/11/23 07:11:10;Avenue de Chartreuse, Meylan;45.217926;5.780173;;COLLECTE;0;
22/11/23 07:11:10;Avenue de Chartreuse, Meylan;45.217926;5.780173;;ARRET;0;
22/11/23 07:11:25;Avenue de Chartreuse, Meylan;45.217926;5.780173;;COLLECTE;0;
22/11/23 07:11:25;Avenue de Chartreuse, Meylan;45.217926;5.780173;;COLLECTE;0;
22/11/23 07:11:25;Avenue de Chartreuse, Meylan;45.217926;5.780173;;COLLECTE;0;
22/11/23 07:11:37;Avenue de Chartreuse, Meylan;45.217926;5.780173;;COLLECTE;0;
22/11/23 07:11:37;Avenue de Chartreuse, Meylan;45.217926;5.780173;;COLLECTE;0;
22/11/23 07:11:37;Avenue de Chartreuse, Meylan;45.217926;5.780173;;ARRET;0;
22/11/23 07:11:46;Avenue de Chartreuse, Meylan;45.217926;5.780173;;COLLECTE;0;
22/11/23 07:11:46;Avenue de Chartreuse, Meylan;45.217926;5.780173;;COLLECTE;0;
22/11/23 07:11:46;Avenue de Chartreuse, Meylan;45.217926;5.780173;;COLLECTE;0;
22/11/23 07:11:59;Avenue de Chartreuse, Meylan;45.217926;5.780173;;COLLECTE;0;
22/11/23 07:11:59;Avenue de Chartreuse, Meylan;45.217926;5.780173;;COLLECTE;0;
22/11/23 07:11:59;Avenue de Chartreuse, Meylan;45.217926;5.780173;;ARRET;27;
22/11/23 07:12:16;Avenue de Chartreuse, Meylan;45.217953;5.780514;11.0;HAUT LE PIED;7;
22/11/23 07:12:33;Avenue de Chartreuse, Meylan;45.217972;5.780597;;ARRET;0;
22/11/23 07:12:34;Avenue de Chartreuse, Meylan;45.217972;5.780598;;COLLECTE;1;
22/11/23 07:12:42;Avenue de Chartreuse, Meylan;45.217968;5.780609;;COLLECTE;0;
22/11/23 07:12:42;Avenue de Chartreuse, Meylan;45.217968;5.780609;;ARRET;0;
22/11/23 07:12:46;Avenue de Chartreuse, Meylan;45.217968;5.780613;;ARRET;29;
22/11/23 07:12:54;Avenue de Chartreuse, Meylan;45.218056;5.78096;23.0;HAUT LE PIED;30;
22/11/23 07:13:00;Avenue de Chartreuse, Meylan;45.218166;5.781314;8.0;HAUT LE PIED;0;
22/11/23 07:13:02;Avenue de Chartreuse, Meylan;45.218166;5.781317;;ARRET;2;
22/11/23 07:13:08;Avenue de Chartreuse, Meylan;45.21817;5.781347;;COLLECTE;1;
22/11/23 07:13:10;Avenue de Chartreuse, Meylan;45.21817;5.781355;;COLLECTE;0;
22/11/23 07:13:10;Avenue de Chartreuse, Meylan;45.21817;5.781355;;COLLECTE;0;
22/11/23 07:13:16;Avenue de Chartreuse, Meylan;45.218166;5.781358;;COLLECTE;0;
22/11/23 07:13:18;Avenue de Chartreuse, Meylan;45.218166;5.781357;;COLLECTE;0;
22/11/23 07:13:18;Avenue de Chartreuse, Meylan;45.218166;5.781357;;ARRET;2;
22/11/23 07:13:23;Avenue de Chartreuse, Meylan;45.218166;5.781377;;ARRET;22;
22/11/23 07:13:29;Avenue de Chartreuse, Meylan;45.218254;5.781631;18.0;HAUT LE PIED;28;
22/11/23 07:13:36;Avenue de Chartreuse, Meylan;45.218372;5.781944;;ARRET;2;
22/11/23 07:13:45;Avenue de Chartreuse, Meylan;45.218376;5.781971;;COLLECTE;1;
22/11/23 07:13:53;Avenue de Chartreuse, Meylan;45.218376;5.781956;;ARRET;5;
22/11/23 07:14:00;Avenue de Chartreuse, Meylan;45.21841;5.781991;6.0;HAUT LE PIED;0;
22/11/23 07:14:01;Avenue de Chartreuse, Meylan;45.21841;5.781991;;ARRET;148;
22/11/23 07:14:30;Avenue de Chartreuse, Meylan;45.218929;5.783731;;ARRET;1;
22/11/23 07:14:36;Avenue de Chartreuse, Meylan;45.218925;5.783724;;ARRET;0;
22/11/23 07:14:36;Avenue de Chartreuse, Meylan;45.218925;5.783724;;COLLECTE;0;
22/11/23 07:14:42;Avenue de Chartreuse, Meylan;45.218925;5.783722;;COLLECTE;0;
22/11/23 07:14:44;Avenue de Chartreuse, Meylan;45.218925;5.783719;;COLLECTE;0;
22/11/23 07:14:44;Avenue de Chartreuse, Meylan;45.218925;5.783719;;COLLECTE;1;
22/11/23 07:14:50;Avenue de Chartreuse, Meylan;45.218933;5.783705;;ARRET;2;
22/11/23 07:14:58;Avenue de Chartreuse, Meylan;45.218937;5.783725;;ARRET;17;
22/11/23 07:15:01;Avenue de Chartreuse, Meylan;45.218994;5.783926;0.0;ARRET;61;
22/11/23 07:15:10;Avenue de Chartreuse, Meylan;45.219128;5.784678;12.0;HAUT LE PIED;6;
22/11/23 07:15:13;Avenue de Chartreuse, Meylan;45.219128;5.784751;;ARRET;2;
22/11/23 07:15:20;Avenue de Chartreuse, Meylan;45.219135;5.784769;;ARRET;0;
22/11/23 07:15:20;Avenue de Chartreuse, Meylan;45.219135;5.784769;;COLLECTE;1;
22/11/23 07:15:28;Avenue de Chartreuse, Meylan;45.219139;5.784773;;COLLECTE;0;
22/11/23 07:15:28;Avenue de Chartreuse, Meylan;45.219139;5.784773;;ARRET;0;
22/11/23 07:15:32;Avenue de Chartreuse, Meylan;45.219139;5.784777;;ARRET;34;
22/11/23 07:15:40;Avenue de Chartreuse, Meylan;45.219242;5.78519;6.0;HAUT LE PIED;0;
22/11/23 07:15:41;Avenue de Chartreuse, Meylan;45.219242;5.78519;;ARRET;2;
22/11/23 07:15:48;Avenue de Chartreuse, Meylan;45.219246;5.78522;;ARRET;0;
22/11/23 07:15:48;Avenue de Chartreuse, Meylan;45.219246;5.78522;;COLLECTE;1;
22/11/23 07:15:55;Avenue de Chartreuse, Meylan;45.21925;5.785224;;COLLECTE;0;
22/11/23 07:15:56;Avenue de Chartreuse, Meylan;45.21925;5.785224;;ARRET;17;
22/11/23 07:16:06;Avenue de Chartreuse, Meylan;45.219276;5.785443;;ARRET;0;
22/11/23 07:16:06;Avenue de Chartreuse, Meylan;45.219276;5.785443;;COLLECTE;0;
22/11/23 07:16:11;Avenue de Chartreuse, Meylan;45.219273;5.785441;0.0;COLLECTE;0;
22/11/23 07:16:14;Avenue de Chartreuse, Meylan;45.219273;5.785443;;COLLECTE;0;
22/11/23 07:16:14;Avenue de Chartreuse, Meylan;45.219273;5.785443;;ARRET;2;
22/11/23 07:16:18;Avenue de Chartreuse, Meylan;45.219276;5.785466;;ARRET;23;
22/11/23 07:16:25;Avenue de Chartreuse, Meylan;45.219345;5.785741;;ARRET;1;
22/11/23 07:16:31;Avenue de Chartreuse, Meylan;45.219345;5.785727;;ARRET;0;
22/11/23 07:16:31;Avenue de Chartreuse, Meylan;45.219345;5.785727;;COLLECTE;2;
22/11/23 07:16:39;Avenue de Chartreuse, Meylan;45.219349;5.785704;;COLLECTE;0;
22/11/23 07:16:39;Avenue de Chartreuse, Meylan;45.219349;5.785704;;ARRET;1;
22/11/23 07:16:42;Avenue de Chartreuse, Meylan;45.219353;5.785719;;ARRET;3;
22/11/23 07:16:43;Avenue de Chartreuse, Meylan;45.219357;5.785753;12.0;HAUT LE PIED;37;
22/11/23 07:16:51;Avenue de Chartreuse, Meylan;45.219452;5.786204;11.0;HAUT LE PIED;6;
22/11/23 07:16:54;Allée des Fleurs, Meylan;45.219414;5.786264;10.0;HAUT LE PIED;15;
22/11/23 07:17:00;Allée des Fleurs, Meylan;45.219288;5.786332;;ARRET;3;
22/11/23 07:17:13;Allée des Fleurs, Meylan;45.219269;5.786302;;COLLECTE;0;
22/11/23 07:17:13;Allée des Fleurs, Meylan;45.219269;5.786302;;COLLECTE;0;
22/11/23 07:17:13;Allée des Fleurs, Meylan;45.219269;5.786302;;COLLECTE;0;
22/11/23 07:17:24;Allée des Fleurs, Meylan;45.219269;5.786296;;COLLECTE;0;
22/11/23 07:17:24;Allée des Fleurs, Meylan;45.219269;5.786296;;COLLECTE;0;
22/11/23 07:17:24;Allée des Fleurs, Meylan;45.219269;5.786296;;ARRET;0;
22/11/23 07:17:25;Allée des Fleurs, Meylan;45.219269;5.786296;0.0;ARRET;0;
22/11/23 07:17:34;Allée des Fleurs, Meylan;45.219269;5.786295;;COLLECTE;0;
22/11/23 07:17:43;Allée des Fleurs, Meylan;45.219269;5.786295;;ARRET;0;
22/11/23 07:17:46;Allée des Fleurs, Meylan;45.219269;5.786295;;ARRET;0;
22/11/23 07:17:46;Allée des Fleurs, Meylan;45.219269;5.786295;;MARCHE ARRIERE;22;
22/11/23 07:18:11;Avenue de Chartreuse, Meylan;45.21946;5.786242;;ARRET;0;
22/11/23 07:18:12;Avenue de Chartreuse, Meylan;45.21946;5.786243;;ARRET;3;
22/11/23 07:18:15;Avenue de Chartreuse, Meylan;45.219463;5.786287;;ARRET;7;
22/11/23 07:18:17;Avenue de Chartreuse, Meylan;45.219498;5.786364;14.0;HAUT LE PIED;75;
22/11/23 07:18:30;Avenue de Chartreuse, Meylan;45.219704;5.787275;8.0;HAUT LE PIED;8;
22/11/23 07:18:33;Rue du Saint-Eynard, Meylan;45.219772;5.787309;10.0;HAUT LE PIED;10;
22/11/23 07:18:36;Rue du Saint-Eynard, Meylan;45.21986;5.787276;17.0;HAUT LE PIED;118;
22/11/23 07:18:54;Rue du Saint-Eynard, Meylan;45.220882;5.786875;27.0;HAUT LE PIED;32;
22/11/23 07:18:58;Rue du Saint-Eynard, Meylan;45.221161;5.786957;26.0;HAUT LE PIED;17;
22/11/23 07:19:01;Inconnu, Meylan;45.221279;5.787089;20.0;HAUT LE PIED;10;
22/11/23 07:19:04;Inconnu, Meylan;45.221363;5.787148;14.0;HAUT LE PIED;3;
22/11/23 07:19:06;Rue du Saint-Eynard, Meylan;45.22139;5.787142;;ARRET;5;
22/11/23 07:19:07;Rue du Saint-Eynard, Meylan;45.221397;5.787077;8.0;HAUT LE PIED;9;
22/11/23 07:19:16;Rue du Saint-Eynard, Meylan;45.221359;5.786977;;ARRET;0;
22/11/23 07:19:16;Rue du Saint-Eynard, Meylan;45.221359;5.786977;;MARCHE ARRIERE;1;
22/11/23 07:19:22;Rue du Saint-Eynard, Meylan;45.221367;5.786973;;MARCHE ARRIERE;0;
22/11/23 07:19:22;Rue du Saint-Eynard, Meylan;45.221367;5.786973;;ARRET;10;
22/11/23 07:19:30;Rue du Saint-Eynard, Meylan;45.221283;5.78695;;COLLECTE;1;
22/11/23 07:19:32;Rue du Saint-Eynard, Meylan;45.221291;5.786954;;COLLECTE;0;
22/11/23 07:19:32;Rue du Saint-Eynard, Meylan;45.221291;5.786954;;COLLECTE;1;
22/11/23 07:19:38;Rue du Saint-Eynard, Meylan;45.221291;5.786965;0.0;COLLECTE;0;
22/11/23 07:19:40;Rue du Saint-Eynard, Meylan;45.221291;5.786967;;COLLECTE;0;
22/11/23 07:19:40;Rue du Saint-Eynard, Meylan;45.221291;5.786967;;COLLECTE;0;
22/11/23 07:19:41;Rue du Saint-Eynard, Meylan;45.221291;5.786968;;ARRET;3;
22/11/23 07:19:46;Rue du Saint-Eynard, Meylan;45.221268;5.786981;;ARRET;24;
22/11/23 07:19:52;Rue du Saint-Eynard, Meylan;45.221062;5.78689;13.0;HAUT LE PIED;3;
22/11/23 07:19:54;Rue du Saint-Eynard, Meylan;45.221035;5.78687;;ARRET;0;
22/11/23 07:20:01;Rue du Saint-Eynard, Meylan;45.221035;5.786866;;ARRET;0;
22/11/23 07:20:01;Rue du Saint-Eynard, Meylan;45.221035;5.786866;;COLLECTE;0;
22/11/23 07:20:06;Rue du Saint-Eynard, Meylan;45.221035;5.786865;;COLLECTE;0;
22/11/23 07:20:06;Rue du Saint-Eynard, Meylan;45.221035;5.786865;;ARRET;27;
22/11/23 07:20:14;Rue du Saint-Eynard, Meylan;45.220795;5.786821;19.0;HAUT LE PIED;10;
22/11/23 07:20:17;Rue du Saint-Eynard, Meylan;45.220707;5.786801;8.0;HAUT LE PIED;2;
22/11/23 07:20:24;Rue du Saint-Eynard, Meylan;45.220722;5.786812;;ARRET;0;
22/11/23 07:20:25;Rue du Saint-Eynard, Meylan;45.220722;5.786812;;COLLECTE;0;
22/11/23 07:20:28;Rue du Saint-Eynard, Meylan;45.220726;5.786814;;COLLECTE;0;
22/11/23 07:20:32;Rue du Saint-Eynard, Meylan;45.220722;5.786813;;COLLECTE;0;
22/11/23 07:20:33;Rue du Saint-Eynard, Meylan;45.220722;5.786813;;COLLECTE;0;
22/11/23 07:20:37;Rue du Saint-Eynard, Meylan;45.220722;5.786813;;ARRET;1;
22/11/23 07:20:41;Rue du Saint-Eynard, Meylan;45.220715;5.786829;;ARRET;28;
22/11/23 07:20:46;Rue du Saint-Eynard, Meylan;45.220463;5.78689;24.0;HAUT LE PIED;12;
22/11/23 07:20:51;Rue du Saint-Eynard, Meylan;45.220371;5.786957;;ARRET;1;
22/11/23 07:20:55;Rue du Saint-Eynard, Meylan;45.22036;5.786957;;COLLECTE;2;
22/11/23 07:21:03;Rue du Saint-Eynard, Meylan;45.220364;5.78698;;ARRET;1;
22/11/23 07:21:07;Rue du Saint-Eynard, Meylan;45.22036;5.786974;;ARRET;41;
22/11/23 07:21:16;Rue du Saint-Eynard, Meylan;45.220013;5.787145;0.0;ARRET;0;
22/11/23 07:21:17;Rue du Saint-Eynard, Meylan;45.220013;5.787145;;ARRET;2;
22/11/23 07:21:21;Rue du Saint-Eynard, Meylan;45.219994;5.787141;;ARRET;0;
22/11/23 07:21:21;Rue du Saint-Eynard, Meylan;45.219994;5.787141;;COLLECTE;1;
22/11/23 07:21:29;Rue du Saint-Eynard, Meylan;45.220001;5.787135;;COLLECTE;0;
22/11/23 07:21:29;Rue du Saint-Eynard, Meylan;45.220001;5.787135;;ARRET;0;
22/11/23 07:21:31;Rue du Saint-Eynard, Meylan;45.220001;5.787133;;COLLECTE;1;
22/11/23 07:21:40;Rue du Saint-Eynard, Meylan;45.219994;5.787133;;ARRET;1;
22/11/23 07:21:46;Rue du Saint-Eynard, Meylan;45.219986;5.787147;;ARRET;24;
22/11/23 07:21:51;Rue du Saint-Eynard, Meylan;45.219772;5.787217;13.0;HAUT LE PIED;11;
22/11/23 07:21:55;Avenue de Chartreuse, Meylan;45.219681;5.78718;9.0;HAUT LE PIED;11;
22/11/23 07:21:58;Avenue de Chartreuse, Meylan;45.219643;5.787055;16.0;HAUT LE PIED;189;
22/11/23 07:22:28;Avenue de Chartreuse, Meylan;45.219234;5.784717;27.0;HAUT LE PIED;69;
22/11/23 07:22:40;Avenue de Chartreuse, Meylan;45.219059;5.783869;;ARRET;2;
22/11/23 07:22:44;Avenue de Chartreuse, Meylan;45.219051;5.783842;;ARRET;0;
22/11/23 07:22:44;Avenue de Chartreuse, Meylan;45.219051;5.783842;;COLLECTE;4;
22/11/23 07:22:53;Avenue de Chartreuse, Meylan;45.219044;5.783795;;COLLECTE;0;
22/11/23 07:22:53;Avenue de Chartreuse, Meylan;45.219044;5.783795;;ARRET;2;
22/11/23 07:22:56;Avenue de Chartreuse, Meylan;45.219036;5.783772;;ARRET;8;
22/11/23 07:22:58;Avenue de Chartreuse, Meylan;45.219017;5.783669;10.0;HAUT LE PIED;48;
22/11/23 07:23:05;Bérivère, Meylan;45.218861;5.783103;27.0;HAUT LE PIED;17;
22/11/23 07:23:08;Avenue de Chartreuse, Meylan;45.218739;5.78297;17.0;HAUT LE PIED;18;
22/11/23 07:23:11;Bérivère, Meylan;45.218586;5.783031;23.0;HAUT LE PIED;97;
22/11/23 07:23:26;Chemin de Bérivière, Meylan;45.217804;5.783572;;ARRET;3;
22/11/23 07:23:34;Chemin de Bérivière, Meylan;45.217781;5.783593;;COLLECTE;0;
22/11/23 07:23:34;Chemin de Bérivière, Meylan;45.217781;5.783593;;COLLECTE;0;
22/11/23 07:23:34;Chemin de Bérivière, Meylan;45.217781;5.783593;;COLLECTE;3;
22/11/23 07:23:41;Chemin de Bérivière, Meylan;45.217758;5.783597;0.0;COLLECTE;0;
22/11/23 07:23:44;Chemin de Bérivière, Meylan;45.217758;5.783597;;COLLECTE;0;
22/11/23 07:23:44;Chemin de Bérivière, Meylan;45.217758;5.783598;;COLLECTE;0;
22/11/23 07:23:44;Chemin de Bérivière, Meylan;45.217758;5.783598;;ARRET;0;
22/11/23 07:23:49;Chemin de Bérivière, Meylan;45.217758;5.7836;;ARRET;28;
22/11/23 07:23:55;Chemin de Bérivière, Meylan;45.217522;5.78374;25.0;HAUT LE PIED;21;
22/11/23 07:23:59;Rue Beausoleil, Meylan;45.217342;5.783814;12.0;HAUT LE PIED;3;
22/11/23 07:24:04;Rue Beausoleil, Meylan;45.217316;5.78381;;ARRET;2;
22/11/23 07:24:08;Rue Beausoleil, Meylan;45.2173;5.783796;;ARRET;0;
22/11/23 07:24:08;Rue Beausoleil, Meylan;45.2173;5.783796;;MARCHE ARRIERE;5;
22/11/23 07:24:18;Rue Beausoleil, Meylan;45.217342;5.783804;;MARCHE ARRIERE;0;
22/11/23 07:24:18;Rue Beausoleil, Meylan;45.217342;5.783804;;ARRET;9;
22/11/23 07:24:27;Rue Beausoleil, Meylan;45.217312;5.783696;;ARRET;0;
22/11/23 07:24:27;Rue Beausoleil, Meylan;45.217312;5.783696;;MARCHE ARRIERE;4;
22/11/23 07:24:30;Rue Beausoleil, Meylan;45.217342;5.783718;0.0;MARCHE ARRIERE;15;
22/11/23 07:24:49;Chemin de Bérivière, Meylan;45.217316;5.783907;;MARCHE ARRIERE;0;
22/11/23 07:24:49;Chemin de Bérivière, Meylan;45.217316;5.783907;;ARRET;0;
22/11/23 07:24:57;Chemin de Bérivière, Meylan;45.217316;5.783907;;COLLECTE;0;
22/11/23 07:24:57;Chemin de Bérivière, Meylan;45.217316;5.783907;;COLLECTE;0;
22/11/23 07:24:57;Chemin de Bérivière, Meylan;45.217316;5.783907;;COLLECTE;0;
22/11/23 07:25:05;Chemin de Bérivière, Meylan;45.217316;5.783909;;COLLECTE;0;
22/11/23 07:25:05;Chemin de Bérivière, Meylan;45.217316;5.783909;;COLLECTE;0;
22/11/23 07:25:05;Chemin de Bérivière, Meylan;45.217316;5.783909;;ARRET;14;
22/11/23 07:25:21;Rue Beausoleil, Meylan;45.217369;5.78375;;COLLECTE;0;
22/11/23 07:25:21;Rue Beausoleil, Meylan;45.217369;5.78375;;COLLECTE;0;
22/11/23 07:25:21;Rue Beausoleil, Meylan;45.217369;5.78375;;COLLECTE;1;
22/11/23 07:25:29;Chemin de Bérivière, Meylan;45.217377;5.783745;;COLLECTE;0;
22/11/23 07:25:29;Chemin de Bérivière, Meylan;45.217377;5.783745;;COLLECTE;0;
22/11/23 07:25:29;Chemin de Bérivière, Meylan;45.217377;5.783745;;ARRET;2;
22/11/23 07:25:34;Rue Beausoleil, Meylan;45.217365;5.78373;;ARRET;34;
22/11/23 07:25:41;Rue Beausoleil, Meylan;45.217239;5.783341;24.0;HAUT LE PIED;20;
22/11/23 07:25:45;Rue Beausoleil, Meylan;45.217163;5.783111;8.0;HAUT LE PIED;1;
22/11/23 07:25:47;Rue Beausoleil, Meylan;45.217155;5.783119;;ARRET;3;
22/11/23 07:25:52;Rue Beausoleil, Meylan;45.217152;5.783082;;ARRET;0;
22/11/23 07:25:52;Rue Beausoleil, Meylan;45.217152;5.783082;;COLLECTE;1;
22/11/23 07:26:00;Rue Beausoleil, Meylan;45.217152;5.783095;;COLLECTE;0;
22/11/23 07:26:00;Rue Beausoleil, Meylan;45.217152;5.783095;;ARRET;10;
22/11/23 07:26:12;Rue Beausoleil, Meylan;45.217106;5.782987;;COLLECTE;1;
22/11/23 07:26:15;Rue Beausoleil, Meylan;45.217094;5.782979;0.0;COLLECTE;0;
22/11/23 07:26:16;Rue Beausoleil, Meylan;45.217094;5.782979;;COLLECTE;0;
22/11/23 07:26:16;Rue Beausoleil, Meylan;45.217094;5.782979;;COLLECTE;1;
22/11/23 07:26:20;Rue Beausoleil, Meylan;45.217087;5.782972;;COLLECTE;0;
22/11/23 07:26:25;Rue Beausoleil, Meylan;45.217087;5.782971;;COLLECTE;0;
22/11/23 07:26:25;Rue Beausoleil, Meylan;45.217087;5.782971;;ARRET;18;
22/11/23 07:26:40;Rue Beausoleil, Meylan;45.217003;5.78278;;ARRET;0;
22/11/23 07:26:40;Rue Beausoleil, Meylan;45.217003;5.78278;;COLLECTE;1;
22/11/23 07:26:48;Rue Beausoleil, Meylan;45.216999;5.782784;;COLLECTE;0;
22/11/23 07:26:48;Rue Beausoleil, Meylan;45.216999;5.782784;;ARRET;2;
22/11/23 07:26:53;Rue Beausoleil, Meylan;45.216988;5.78276;;ARRET;6;
22/11/23 07:26:54;Rue Beausoleil, Meylan;45.216961;5.782698;15.0;HAUT LE PIED;93;
22/11/23 07:27:09;Rue Beausoleil, Meylan;45.216549;5.781664;8.0;HAUT LE PIED;2;
22/11/23 07:27:10;Rue Beausoleil, Meylan;45.216534;5.781651;;ARRET;2;
22/11/23 07:27:21;Rue Beausoleil, Meylan;45.216515;5.781637;;COLLECTE;0;
22/11/23 07:27:21;Rue Beausoleil, Meylan;45.216515;5.781637;;COLLECTE;0;
22/11/23 07:27:21;Rue Beausoleil, Meylan;45.216515;5.781637;;COLLECTE;0;
22/11/23 07:27:29;Rue Beausoleil, Meylan;45.216511;5.781635;;COLLECTE;0;
22/11/23 07:27:29;Rue Beausoleil, Meylan;45.216511;5.781635;;COLLECTE;0;
22/11/23 07:27:30;Rue Beausoleil, Meylan;45.216511;5.781635;;ARRET;0;
22/11/23 07:27:35;Rue Beausoleil, Meylan;45.216511;5.781635;;ARRET;15;
22/11/23 07:27:39;Rue Beausoleil, Meylan;45.216427;5.78149;0.0;ARRET;31;
22/11/23 07:27:44;Avenue des Mûriers, Meylan;45.21629;5.781149;25.0;HAUT LE PIED;43;
22/11/23 07:27:50;Avenue des Mûriers, Meylan;45.216217;5.780615;27.0;HAUT LE PIED;27;
22/11/23 07:28:02;Rue des Vignes, Meylan;45.216396;5.780382;10.0;HAUT LE PIED;15;
22/11/23 07:28:08;Rue des Vignes, Meylan;45.216522;5.780324;;ARRET;0;
22/11/23 07:28:16;Rue des Vignes, Meylan;45.216518;5.780326;;ARRET;0;
22/11/23 07:28:16;Rue des Vignes, Meylan;45.216518;5.780326;;COLLECTE;0;
22/11/23 07:28:23;Rue des Vignes, Meylan;45.216515;5.780329;;COLLECTE;0;
22/11/23 07:28:24;Rue des Vignes, Meylan;45.216515;5.780329;;ARRET;0;
22/11/23 07:28:24;Rue des Vignes, Meylan;45.216515;5.780329;;COLLECTE;0;
22/11/23 07:28:32;Rue des Vignes, Meylan;45.216515;5.78033;;ARRET;0;
22/11/23 07:28:33;Rue des Vignes, Meylan;45.216515;5.78033;0.0;ARRET;2;
22/11/23 07:28:36;Rue des Vignes, Meylan;45.216534;5.780323;;ARRET;25;
22/11/23 07:28:44;Rue des Vignes, Meylan;45.216743;5.780222;;ARRET;1;
22/11/23 07:28:50;Rue des Vignes, Meylan;45.216751;5.780219;;ARRET;0;
22/11/23 07:28:50;Rue des Vignes, Meylan;45.216751;5.780219;;COLLECTE;0;
22/11/23 07:28:51;Rue des Vignes, Meylan;45.216751;5.78022;;COLLECTE;0;
22/11/23 07:28:57;Rue des Vignes, Meylan;45.216751;5.780221;;COLLECTE;0;
22/11/23 07:28:57;Rue des Vignes, Meylan;45.216751;5.780221;;COLLECTE;0;
22/11/23 07:28:59;Rue des Vignes, Meylan;45.216751;5.780221;;ARRET;0;
22/11/23 07:29:03;Rue des Vignes, Meylan;45.216751;5.780219;;ARRET;32;
22/11/23 07:29:10;Rue des Vignes, Meylan;45.21701;5.780035;15.0;HAUT LE PIED;3;
22/11/23 07:29:13;Rue des Vignes, Meylan;45.217026;5.780009;;ARRET;2;
22/11/23 07:29:19;Rue des Vignes, Meylan;45.217045;5.780001;;ARRET;0;
22/11/23 07:29:19;Rue des Vignes, Meylan;45.217045;5.780001;;COLLECTE;1;
22/11/23 07:29:26;Rue des Vignes, Meylan;45.217056;5.779996;;COLLECTE;0;
22/11/23 07:29:26;Rue des Vignes, Meylan;45.217056;5.779996;;ARRET;2;
22/11/23 07:29:31;Rue des Vignes, Meylan;45.217068;5.779977;;ARRET;17;
22/11/23 07:29:38;Rue des Vignes, Meylan;45.217106;5.779763;;ARRET;2;
22/11/23 07:29:40;Rue des Vignes, Meylan;45.217106;5.779736;0.0;ARRET;1;
22/11/23 07:29:44;Rue des Vignes, Meylan;45.217098;5.77974;;ARRET;0;
22/11/23 07:29:44;Rue des Vignes, Meylan;45.217098;5.77974;;COLLECTE;1;
22/11/23 07:29:52;Rue des Vignes, Meylan;45.217094;5.779737;;COLLECTE;0;
22/11/23 07:29:52;Rue des Vignes, Meylan;45.217094;5.779737;;ARRET;0;
22/11/23 07:29:57;Rue des Vignes, Meylan;45.217094;5.779731;;ARRET;41;
22/11/23 07:30:06;Rue des Vignes, Meylan;45.217083;5.779211;10.0;HAUT LE PIED;27;
22/11/23 07:30:26;Chemin de l'Ancienne Mairie, Meylan;45.216846;5.779246;21.0;HAUT LE PIED;56;
22/11/23 07:30:32;Chemin de l'Ancienne Mairie, Meylan;45.216362;5.779431;24.0;HAUT LE PIED;26;
22/11/23 07:30:47;Avenue des Mûriers, Meylan;45.216206;5.779675;14.0;HAUT LE PIED;5;
22/11/23 07:30:50;Avenue des Mûriers, Meylan;45.216213;5.779733;;ARRET;4;
22/11/23 07:30:55;Avenue des Mûriers, Meylan;45.21624;5.779762;;ARRET;0;
22/11/23 07:30:56;Avenue des Mûriers, Meylan;45.21624;5.779762;;COLLECTE;1;
22/11/23 07:31:04;Avenue des Mûriers, Meylan;45.216251;5.779766;;COLLECTE;0;
22/11/23 07:31:04;Avenue des Mûriers, Meylan;45.216251;5.779766;;ARRET;22;
22/11/23 07:31:18;Avenue des Mûriers, Meylan;45.216236;5.780049;13.0;HAUT LE PIED;8;
22/11/23 07:31:28;Avenue des Mûriers, Meylan;45.216244;5.780154;;ARRET;0;
22/11/23 07:31:28;Avenue des Mûriers, Meylan;45.216244;5.780154;;COLLECTE;1;
22/11/23 07:31:36;Avenue des Mûriers, Meylan;45.216236;5.780161;;COLLECTE;0;
22/11/23 07:31:36;Avenue des Mûriers, Meylan;45.216236;5.780161;;ARRET;1;
22/11/23 07:31:40;Avenue des Mûriers, Meylan;45.216236;5.780174;;ARRET;18;
22/11/23 07:31:48;Rue des Vignes, Meylan;45.216213;5.780405;0.0;ARRET;40;
22/11/23 07:32:07;Avenue des Mûriers, Meylan;45.216202;5.780919;24.0;HAUT LE PIED;13;
22/11/23 07:32:11;Avenue des Mûriers, Meylan;45.216244;5.781072;;ARRET;1;
22/11/23 07:32:17;Avenue des Mûriers, Meylan;45.216248;5.781077;;ARRET;0;
22/11/23 07:32:17;Avenue des Mûriers, Meylan;45.216248;5.781077;;COLLECTE;1;
22/11/23 07:32:21;Avenue des Mûriers, Meylan;45.216248;5.781084;;COLLECTE;0;
22/11/23 07:32:25;Avenue des Mûriers, Meylan;45.216248;5.781086;;COLLECTE;0;
22/11/23 07:32:25;Avenue des Mûriers, Meylan;45.216248;5.781086;;COLLECTE;0;
22/11/23 07:32:28;Avenue des Mûriers, Meylan;45.216248;5.781086;;ARRET;13;
22/11/23 07:32:37;Avenue des Mûriers, Meylan;45.216297;5.781239;10.0;HAUT LE PIED;3;
22/11/23 07:32:45;Avenue des Mûriers, Meylan;45.216301;5.78128;;ARRET;0;
22/11/23 07:32:45;Avenue des Mûriers, Meylan;45.216301;5.78128;;COLLECTE;1;
22/11/23 07:32:52;Avenue des Mûriers, Meylan;45.216297;5.781289;;COLLECTE;0;
22/11/23 07:32:52;Avenue des Mûriers, Meylan;45.216297;5.781289;;ARRET;1;
22/11/23 07:32:56;Avenue des Mûriers, Meylan;45.216293;5.781293;;ARRET;21;
22/11/23 07:33:03;Rue Beausoleil, Meylan;45.21632;5.781564;13.0;HAUT LE PIED;11;
22/11/23 07:33:06;Rue Beausoleil, Meylan;45.216221;5.781595;12.0;HAUT LE PIED;6;
22/11/23 07:33:09;Rue Beausoleil, Meylan;45.216171;5.781601;;ARRET;4;
22/11/23 07:33:18;Rue Beausoleil, Meylan;45.216137;5.781574;;ARRET;0;
22/11/23 07:33:18;Rue Beausoleil, Meylan;45.216137;5.781574;;COLLECTE;0;
22/11/23 07:33:26;Rue Beausoleil, Meylan;45.216133;5.781573;;COLLECTE;0;
22/11/23 07:33:26;Rue Beausoleil, Meylan;45.216133;5.781573;;ARRET;22;
22/11/23 07:33:36;Rue Beausoleil, Meylan;45.215954;5.781695;4.0;ARRET;2;
22/11/23 07:33:40;Rue Beausoleil, Meylan;45.215969;5.78169;;COLLECTE;1;
22/11/23 07:33:47;Rue Beausoleil, Meylan;45.215969;5.781678;;ARRET;23;
22/11/23 07:34:05;Rue Beausoleil, Meylan;45.215786;5.781805;;ARRET;0;
22/11/23 07:34:05;Rue Beausoleil, Meylan;45.215786;5.781805;;COLLECTE;1;
22/11/23 07:34:13;Rue Beausoleil, Meylan;45.21579;5.781794;;COLLECTE;0;
22/11/23 07:34:13;Rue Beausoleil, Meylan;45.21579;5.781794;;ARRET;7;
22/11/23 07:35:11;Rue Beausoleil, Meylan;45.215733;5.781838;8.0;HAUT LE PIED;8;
22/11/23 07:35:14;Inconnu, Meylan;45.215672;5.781775;12.0;HAUT LE PIED;177;
22/11/23 07:35:33;Avenue des 7 Laux, Meylan;45.214512;5.780225;10.0;HAUT LE PIED;15;
22/11/23 07:35:36;Inconnu, Meylan;45.214504;5.780036;24.0;HAUT LE PIED;20;
22/11/23 07:35:39;Inconnu, Meylan;45.214458;5.779788;29.0;HAUT LE PIED;24;
22/11/23 07:35:42;Inconnu, Meylan;45.214283;5.779608;33.0;HAUT LE PIED;27;
22/11/23 07:35:45;Inconnu, Meylan;45.214054;5.779702;36.0;HAUT LE PIED;39;
22/11/23 07:35:49;Avenue du Taillefer, Meylan;45.213779;5.780016;36.0;HAUT LE PIED;48;
22/11/23 07:35:53;Avenue du Taillefer, Meylan;45.213432;5.780381;47.0;HAUT LE PIED;116;
22/11/23 07:36:02;Avenue du Taillefer, Meylan;45.212612;5.7813;57.0;HAUT LE PIED;47;
22/11/23 07:36:06;Avenue du Taillefer, Meylan;45.212196;5.781434;27.0;HAUT LE PIED;98;
22/11/23 07:36:20;Avenue du Taillefer, Meylan;45.211319;5.781599;27.0;HAUT LE PIED;25;
22/11/23 07:36:23;Avenue du Taillefer, Meylan;45.211132;5.781425;32.0;HAUT LE PIED;26;
22/11/23 07:36:26;Avenue du Taillefer, Meylan;45.210903;5.781411;21.0;HAUT LE PIED;175;
22/11/23 07:36:57;Inconnu, Meylan;45.209469;5.782336;36.0;HAUT LE PIED;152;
22/11/23 07:37:20;Avenue du Taillefer, Meylan;45.20821;5.783097;8.0;HAUT LE PIED;10;
22/11/23 07:37:23;Avenue du Taillefer, Meylan;45.208122;5.783129;13.0;HAUT LE PIED;106;
22/11/23 07:37:54;Inconnu, Meylan;45.207203;5.783494;39.0;HAUT LE PIED;113;
22/11/23 07:38:02;Inconnu, Meylan;45.206219;5.783827;58.0;HAUT LE PIED;62;
22/11/23 07:38:06;Inconnu, Meylan;45.205677;5.783664;57.0;HAUT LE PIED;301;
22/11/23 07:38:31;Rocade Sud, Meylan;45.203144;5.782301;34.0;HAUT LE PIED;205;
22/11/23 07:39:01;Rocade Sud, Meylan;45.201427;5.781339;33.0;HAUT LE PIED;241;
22/11/23 07:39:21;Rocade Sud, Meylan;45.199341;5.780519;56.0;HAUT LE PIED;99;
22/11/23 07:39:27;Rocade Sud, Meylan;45.198452;5.780594;65.0;HAUT LE PIED;194;
22/11/23 07:39:38;Inconnu, Meylan;45.196781;5.78129;62.0;HAUT LE PIED;222;
22/11/23 07:39:59;Rocade Sud, Meylan;45.194828;5.781893;22.0;HAUT LE PIED;288;
22/11/23 07:40:29;Rocade Sud, Meylan;45.192238;5.781933;52.0;HAUT LE PIED;534;
22/11/23 07:40:58;Avenue de Vignate, Gières;45.187443;5.781638;66.0;HAUT LE PIED;247;
22/11/23 07:41:11;Rocade Sud, Gières;45.185287;5.780872;66.0;HAUT LE PIED;248;
22/11/23 07:41:24;Rocade Sud, Saint-Martin-d'Hères;45.183239;5.779635;73.0;HAUT LE PIED;223;
22/11/23 07:41:34;Rocade Sud, Saint-Martin-d'Hères;45.181549;5.778118;83.0;HAUT LE PIED;271;
22/11/23 07:41:46;Rocade Sud, Saint-Martin-d'Hères;45.179729;5.775824;85.0;HAUT LE PIED;255;
22/11/23 07:41:58;Rocade Sud, Saint-Martin-d'Hères;45.178314;5.773259;56.0;HAUT LE PIED;432;
22/11/23 07:42:28;Rocade Sud, Saint-Martin-d'Hères;45.176056;5.768773;48.0;HAUT LE PIED;280;
22/11/23 07:42:53;Rocade Sud, Saint-Martin-d'Hères;45.1744;5.766087;38.0;HAUT LE PIED;341;
22/11/23 07:43:23;Rocade Sud, Saint-Martin-d'Hères;45.172134;5.763164;25.0;HAUT LE PIED;311;
22/11/23 07:43:53;Rocade Sud, Saint-Martin-d'Hères;45.169865;5.760852;40.0;HAUT LE PIED;412;
22/11/23 07:44:24;Inconnu, Saint-Martin-d'Hères;45.16679;5.757919;24.0;HAUT LE PIED;20;
22/11/23 07:44:28;Inconnu, Saint-Martin-d'Hères;45.166641;5.757769;12.0;HAUT LE PIED;6;
22/11/23 07:44:58;Inconnu, Saint-Martin-d'Hères;45.166603;5.75772;0.0;ARRET;26;
22/11/23 07:46:03;Boulevard Dulcie September, Saint-Martin-d'Hères;45.166367;5.75772;17.0;HAUT LE PIED;199;
22/11/23 07:46:20;Boulevard Dulcie September, Saint-Martin-d'Hères;45.165051;5.759441;58.0;HAUT LE PIED;168;
22/11/23 07:46:29;Boulevard Dulcie September, Saint-Martin-d'Hères;45.163841;5.760715;59.0;HAUT LE PIED;222;
22/11/23 07:47:00;Inconnu, Saint-Martin-d'Hères;45.162209;5.762352;0.0;ARRET;28;
22/11/23 07:47:18;Avenue Jacques Prévert, Saint-Martin-d'Hères;45.162117;5.762691;23.0;HAUT LE PIED;21;
22/11/23 07:47:21;Avenue Jacques Prévert, Saint-Martin-d'Hères;45.162262;5.762872;30.0;HAUT LE PIED;40;
22/11/23 07:47:26;Avenue Jacques Prévert, Saint-Martin-d'Hères;45.162533;5.763203;26.0;HAUT LE PIED;16;
22/11/23 07:47:29;Rue Doyen Gosse, Saint-Martin-d'Hères;45.162548;5.7634;18.0;HAUT LE PIED;17;
22/11/23 07:47:32;Rue Doyen Gosse, Saint-Martin-d'Hères;45.162529;5.763618;17.0;HAUT LE PIED;127;
22/11/23 07:48:02;Rue Doyen Gosse, Saint-Martin-d'Hères;45.16227;5.765193;9.0;HAUT LE PIED;158;
22/11/23 07:48:26;Rue Doyen Gosse, Saint-Martin-d'Hères;45.162025;5.767177;16.0;HAUT LE PIED;10;
22/11/23 07:48:42;Rue Doyen Gosse, Saint-Martin-d'Hères;45.162014;5.767309;;ARRET;0;
22/11/23 07:48:42;Rue Doyen Gosse, Saint-Martin-d'Hères;45.162014;5.767309;;MARCHE ARRIERE;1;
22/11/23 07:48:53;Rue Doyen Gosse, Saint-Martin-d'Hères;45.162022;5.767308;;MARCHE ARRIERE;0;
22/11/23 07:48:53;Rue Doyen Gosse, Saint-Martin-d'Hères;45.162022;5.767308;;ARRET;0;
22/11/23 07:48:55;Rue Doyen Gosse, Saint-Martin-d'Hères;45.162025;5.767307;;MOTEUR OFF;0;
22/11/23 07:48:55;Rue Doyen Gosse, Saint-Martin-d'Hères;45.162025;5.767307;;MOTEUR OFF;0;
22/11/23 07:48:57;Rue Doyen Gosse, Saint-Martin-d'Hères;45.162025;5.767308;0.0;MOTEUR OFF;134;
22/11/23 09:01:21;Rue Antoine, Saint-Martin-d'Hères;45.163078;5.768142;;ARRET;0;
22/11/23 09:01:21;Rue Antoine, Saint-Martin-d'Hères;45.163078;5.768142;;ARRET;0;
22/11/23 09:01:21;Rue Antoine, Saint-Martin-d'Hères;45.163078;5.768142;;ARRET;0;
22/11/23 09:01:22;Rue Antoine, Saint-Martin-d'Hères;45.163078;5.768142;;ARRET;0;
22/11/23 09:01:22;Rue Antoine, Saint-Martin-d'Hères;45.163078;5.768142;;ARRET;0;
22/11/23 09:01:22;Rue Antoine, Saint-Martin-d'Hères;45.163078;5.768142;;ARRET;0;
22/11/23 09:01:35;Rue Antoine, Saint-Martin-d'Hères;45.163078;5.768142;25.0;HAUT LE PIED;70;
22/11/23 09:02:05;Rue Antoine, Saint-Martin-d'Hères;45.163708;5.768148;6.0;HAUT LE PIED;75;
22/11/23 09:02:33;Rue Antoine, Saint-Martin-d'Hères;45.164383;5.768117;12.0;HAUT LE PIED;19;
22/11/23 09:02:37;Rue du Souvenir, Saint-Martin-d'Hères;45.16452;5.768257;21.0;HAUT LE PIED;18;
22/11/23 09:02:40;Avenue de la Galochère, Saint-Martin-d'Hères;45.16468;5.768292;22.0;HAUT LE PIED;256;
22/11/23 09:03:11;Avenue de la Galochère, Saint-Martin-d'Hères;45.166973;5.768618;35.0;HAUT LE PIED;105;
22/11/23 09:03:23;Avenue de la Galochère, Saint-Martin-d'Hères;45.167915;5.768488;32.0;HAUT LE PIED;18;
22/11/23 09:03:26;Avenue de la Galochère, Saint-Martin-d'Hères;45.168045;5.768362;22.0;HAUT LE PIED;25;
22/11/23 09:03:33;Avenue de la Galochère, Saint-Martin-d'Hères;45.168179;5.768107;12.0;HAUT LE PIED;12;
22/11/23 09:03:36;Avenue Jacques Prévert, Saint-Martin-d'Hères;45.16811;5.767984;15.0;HAUT LE PIED;195;
22/11/23 09:03:55;Avenue Jacques Prévert, Saint-Martin-d'Hères;45.166565;5.766815;36.0;HAUT LE PIED;129;
22/11/23 09:04:08;Avenue Romain Rolland, Saint-Martin-d'Hères;45.165642;5.765828;31.0;HAUT LE PIED;7;
22/11/23 09:04:11;Avenue Romain Rolland, Saint-Martin-d'Hères;45.165703;5.7658;13.0;HAUT LE PIED;28;
22/11/23 09:04:16;Avenue Romain Rolland, Saint-Martin-d'Hères;45.165863;5.765518;27.0;HAUT LE PIED;157;
22/11/23 09:04:32;Avenue Romain Rolland, Saint-Martin-d'Hères;45.166527;5.763746;37.0;HAUT LE PIED;279;
22/11/23 09:05:01;Avenue Romain Rolland, Saint-Martin-d'Hères;45.168449;5.761466;47.0;HAUT LE PIED;367;
22/11/23 09:05:32;Avenue Potié, Saint-Martin-d'Hères;45.171001;5.758499;31.0;HAUT LE PIED;165;
22/11/23 09:06:02;Étienne Grappe, Saint-Martin-d'Hères;45.172142;5.757159;0.0;ARRET;28;
22/11/23 09:06:21;Place Étienne Grappe, Saint-Martin-d'Hères;45.172337;5.756928;17.0;HAUT LE PIED;125;
22/11/23 09:06:38;Avenue Potié, Saint-Martin-d'Hères;45.173176;5.755863;10.0;HAUT LE PIED;11;
22/11/23 09:06:41;Avenue Potié, Saint-Martin-d'Hères;45.173248;5.755768;11.0;HAUT LE PIED;153;
22/11/23 09:07:11;Avenue Potié, Saint-Martin-d'Hères;45.174305;5.754528;11.0;HAUT LE PIED;19;
22/11/23 09:07:42;Edmond Rostand, Saint-Martin-d'Hères;45.174431;5.754373;0.0;ARRET;27;
22/11/23 09:07:57;Avenue Potié, Saint-Martin-d'Hères;45.174606;5.75414;9.0;HAUT LE PIED;9;
22/11/23 09:08:00;Avenue Potié, Saint-Martin-d'Hères;45.174671;5.754072;12.0;HAUT LE PIED;204;
22/11/23 09:08:31;Avenue Potié, Grenoble;45.176186;5.752614;40.0;HAUT LE PIED;195;
22/11/23 09:09:01;Avenue Jules Vallès, Grenoble;45.177834;5.751753;0.0;ARRET;26;
22/11/23 09:09:13;Avenue Jules Vallès, Grenoble;45.178051;5.751631;24.0;HAUT LE PIED;107;
22/11/23 09:09:24;Avenue Jules Vallès, Grenoble;45.178947;5.751145;30.0;HAUT LE PIED;47;
22/11/23 09:09:32;Avenue Jules Vallès, Grenoble;45.179306;5.750826;22.0;HAUT LE PIED;185;
22/11/23 09:09:51;Rue Gay, Grenoble;45.180923;5.750256;38.0;HAUT LE PIED;37;
22/11/23 09:09:55;Avenue Jules Vallès, Grenoble;45.181118;5.749872;38.0;HAUT LE PIED;161;
22/11/23 09:10:17;Avenue Jules Vallès, Grenoble;45.18203;5.748273;24.0;HAUT LE PIED;48;
22/11/23 09:10:23;Avenue Jules Vallès, Grenoble;45.182365;5.747888;32.0;HAUT LE PIED;142;
22/11/23 09:10:36;Avenue Jules Vallès, Grenoble;45.18362;5.747571;41.0;HAUT LE PIED;128;
22/11/23 09:10:51;Inconnu, Grenoble;45.184761;5.747387;40.0;HAUT LE PIED;58;
22/11/23 09:10:56;Avenue Jules Vallès, Grenoble;45.18528;5.747391;39.0;HAUT LE PIED;29;
22/11/23 09:10:59;Avenue Jules Vallès, Grenoble;45.185516;5.747223;24.0;HAUT LE PIED;16;
22/11/23 09:11:03;Avenue Jules Vallès, Grenoble;45.185635;5.747104;10.0;HAUT LE PIED;12;
22/11/23 09:11:34;Inconnu, Grenoble;45.185719;5.747005;0.0;ARRET;30;
22/11/23 09:12:18;Avenue Ambroise Croizat, Grenoble;45.185955;5.74683;22.0;HAUT LE PIED;15;
22/11/23 09:12:21;Rue du Pont Carpin, Grenoble;45.186005;5.746655;20.0;HAUT LE PIED;24;
22/11/23 09:12:24;Avenue de Valmy, Grenoble;45.186024;5.746345;35.0;HAUT LE PIED;111;
22/11/23 09:12:34;Avenue de Valmy, Grenoble;45.186375;5.74502;33.0;HAUT LE PIED;74;
22/11/23 09:12:43;Rue Jules Flandrin, Grenoble;45.186665;5.744174;18.0;HAUT LE PIED;12;
22/11/23 09:12:46;Rue Jules Flandrin, Grenoble;45.186756;5.744249;11.0;HAUT LE PIED;24;
22/11/23 09:12:50;Flandrin - Valmy, Grenoble;45.18692;5.744444;24.0;HAUT LE PIED;68;
22/11/23 09:13:09;Rue Jules Flandrin, Grenoble;45.187332;5.745081;24.0;HAUT LE PIED;28;
22/11/23 09:13:14;Rue Jules Flandrin, Grenoble;45.187527;5.745312;21.0;HAUT LE PIED;23;
22/11/23 09:13:18;Rue Jules Flandrin, Grenoble;45.18763;5.745567;11.0;HAUT LE PIED;14;
22/11/23 09:13:49;Inconnu, Grenoble;45.187561;5.745719;0.0;ARRET;10;
22/11/23 09:22:47;Inconnu, Grenoble;45.187553;5.745597;;COLLECTE;0;
22/11/23 09:22:47;Inconnu, Grenoble;45.187553;5.745597;;COLLECTE;0;
22/11/23 09:22:47;Inconnu, Grenoble;45.187553;5.745597;;COLLECTE;0;
22/11/23 09:22:56;Inconnu, Grenoble;45.187553;5.745597;;COLLECTE;0;
22/11/23 09:22:56;Inconnu, Grenoble;45.187553;5.745597;;COLLECTE;0;
22/11/23 09:22:56;Inconnu, Grenoble;45.187553;5.745597;;ARRET;1;
22/11/23 09:23:28;Rue Jules Flandrin, Grenoble;45.187557;5.745584;;COLLECTE;0;
22/11/23 09:23:28;Rue Jules Flandrin, Grenoble;45.187557;5.745584;;COLLECTE;0;
22/11/23 09:23:28;Rue Jules Flandrin, Grenoble;45.187557;5.745584;;COLLECTE;0;
22/11/23 09:23:44;Rue Jules Flandrin, Grenoble;45.187557;5.745584;;COLLECTE;0;
22/11/23 09:23:44;Rue Jules Flandrin, Grenoble;45.187557;5.745584;;COLLECTE;0;
22/11/23 09:23:44;Rue Jules Flandrin, Grenoble;45.187557;5.745584;;ARRET;40;
22/11/23 09:24:40;Rue Jules Flandrin, Grenoble;45.187813;5.745945;6.0;HAUT LE PIED;27;
22/11/23 09:25:06;Rue Jules Flandrin, Grenoble;45.188;5.746157;19.0;HAUT LE PIED;19;
22/11/23 09:25:09;Rue Jules Flandrin, Grenoble;45.188168;5.746208;24.0;HAUT LE PIED;21;
22/11/23 09:25:12;Inconnu, Grenoble;45.188316;5.74605;29.0;HAUT LE PIED;24;
22/11/23 09:25:15;Rue du 19 Mars 1962, Grenoble;45.188347;5.745741;35.0;HAUT LE PIED;75;
22/11/23 09:25:22;Rue du 19 Mars 1962, Grenoble;45.188473;5.744797;29.0;HAUT LE PIED;22;
22/11/23 09:25:25;Inconnu, Grenoble;45.188576;5.744558;19.0;HAUT LE PIED;67;
22/11/23 09:25:34;Rue du 19 Mars 1962, Grenoble;45.188885;5.743819;33.0;HAUT LE PIED;29;
22/11/23 09:25:37;Rue du 19 Mars 1962, Grenoble;45.188919;5.743451;40.0;HAUT LE PIED;61;
22/11/23 09:25:44;Rue du 19 Mars 1962, Grenoble;45.188877;5.742679;23.0;HAUT LE PIED;15;
22/11/23 09:25:47;Rue du 19 Mars 1962, Grenoble;45.188931;5.742503;19.0;HAUT LE PIED;20;
22/11/23 09:25:50;Rue du 19 Mars 1962, Grenoble;45.189056;5.742314;24.0;HAUT LE PIED;28;
22/11/23 09:26:21;Rue du 19 Mars 1962, Grenoble;45.189293;5.742177;0.0;ARRET;25;
22/11/23 09:26:42;D 1090, Grenoble;45.189518;5.742127;18.0;HAUT LE PIED;18;
22/11/23 09:26:45;Pont de la Porte de Savoie, La Tronche;45.189617;5.742306;24.0;HAUT LE PIED;21;
22/11/23 09:26:48;Pont de la Porte de Savoie, La Tronche;45.189735;5.742522;34.0;HAUT LE PIED;511;
22/11/23 09:27:18;Avenue de Verdun, La Tronche;45.192818;5.747346;81.0;HAUT LE PIED;639;
22/11/23 09:27:48;Avenue de Verdun, La Tronche;45.196907;5.753064;76.0;HAUT LE PIED;487;
22/11/23 09:28:17;Avenue de Verdun, La Tronche;45.199863;5.75765;44.0;HAUT LE PIED;108;
22/11/23 09:28:48;Avenue de Verdun, La Tronche;45.200359;5.75884;19.0;HAUT LE PIED;18;
22/11/23 09:28:51;Chemin de la Tuilerie, La Tronche;45.200394;5.759062;22.0;HAUT LE PIED;20;
22/11/23 09:28:54;Chemin de la Tuilerie, Meylan;45.200306;5.75928;24.0;HAUT LE PIED;16;
22/11/23 09:28:57;Chemin de la Tuilerie, La Tronche;45.200195;5.759414;16.0;HAUT LE PIED;64;
22/11/23 09:29:16;Chemin de la Tuilerie, La Tronche;45.199715;5.759854;18.0;HAUT LE PIED;16;
22/11/23 09:29:19;Chemin de la Tuilerie, La Tronche;45.199593;5.759757;20.0;HAUT LE PIED;41;
22/11/23 09:29:24;Chemin de la Tuilerie, La Tronche;45.19931;5.759413;31.0;HAUT LE PIED;36;
22/11/23 09:29:27;Chemin de la Tuilerie, La Tronche;45.199181;5.758987;43.0;HAUT LE PIED;148;
22/11/23 09:29:41;Chemin de la Tuilerie, La Tronche;45.198689;5.757235;33.0;HAUT LE PIED;53;
22/11/23 09:29:48;Inconnu, La Tronche;45.198479;5.756632;24.0;HAUT LE PIED;17;
22/11/23 09:29:51;Inconnu, La Tronche;45.198395;5.756448;17.0;HAUT LE PIED;14;
22/11/23 09:29:54;Inconnu, La Tronche;45.198265;5.756449;18.0;HAUT LE PIED;14;
22/11/23 09:29:57;Inconnu, La Tronche;45.198196;5.756594;10.0;HAUT LE PIED;8;
22/11/23 09:30:28;Inconnu, La Tronche;45.198128;5.756588;0.0;DEPOT;32;
22/11/23 09:39:27;Inconnu, La Tronche;45.197922;5.756869;13.0;HAUT LE PIED;15;
22/11/23 09:39:30;Inconnu, La Tronche;45.19796;5.757058;20.0;HAUT LE PIED;13;
22/11/23 09:39:33;Inconnu, La Tronche;45.19804;5.757185;16.0;HAUT LE PIED;16;
22/11/23 09:39:36;Inconnu, La Tronche;45.198181;5.757131;22.0;HAUT LE PIED;34;
22/11/23 09:39:42;Inconnu, La Tronche;45.198471;5.756987;18.0;HAUT LE PIED;12;
22/11/23 09:39:45;Chemin de la Tuilerie, La Tronche;45.198551;5.75708;17.0;HAUT LE PIED;16;
22/11/23 09:39:48;Chemin de la Tuilerie, La Tronche;45.198616;5.757264;24.0;HAUT LE PIED;52;
22/11/23 09:39:55;Inconnu, La Tronche;45.198856;5.757834;24.0;HAUT LE PIED;11;
22/11/23 09:39:58;Inconnu, La Tronche;45.198811;5.757959;15.0;HAUT LE PIED;30;
22/11/23 09:40:29;Inconnu, La Tronche;45.198551;5.758079;0.0;ARRET;28;
22/11/23 09:41:07;Inconnu, La Tronche;45.198315;5.758192;15.0;HAUT LE PIED;16;
22/11/23 09:41:11;Inconnu, La Tronche;45.198177;5.758227;15.0;HAUT LE PIED;20;
22/11/23 09:41:15;Inconnu, La Tronche;45.197998;5.758169;19.0;HAUT LE PIED;16;
22/11/23 09:41:18;Inconnu, La Tronche;45.197865;5.758256;20.0;HAUT LE PIED;33;
22/11/23 09:41:24;Inconnu, La Tronche;45.197643;5.758538;21.0;HAUT LE PIED;37;
22/11/23 09:41:29;Inconnu, La Tronche;45.197437;5.758905;25.0;HAUT LE PIED;25;
22/11/23 09:41:32;Inconnu, La Tronche;45.197422;5.759225;29.0;HAUT LE PIED;22;
22/11/23 09:41:35;Inconnu, La Tronche;45.197472;5.759495;25.0;HAUT LE PIED;20;
22/11/23 09:41:38;Inconnu, La Tronche;45.197559;5.759723;24.0;HAUT LE PIED;19;
22/11/23 09:41:41;Inconnu, La Tronche;45.197693;5.759868;18.0;HAUT LE PIED;15;
22/11/23 09:41:44;Inconnu, La Tronche;45.197815;5.759936;14.0;HAUT LE PIED;13;
22/11/23 09:41:47;Inconnu, La Tronche;45.197933;5.759944;15.0;HAUT LE PIED;24;
22/11/23 09:42:10;Inconnu, La Tronche;45.198086;5.75972;;VIDAGE;3;
22/11/23 09:42:10;Inconnu, La Tronche;45.198101;5.759687;;MARCHE ARRIERE;10;
22/11/23 09:42:18;;45.198158;5.759592;6.0;MARCHE ARRIERE;6;
22/11/23 09:42:42;;45.198116;5.759645;;MARCHE ARRIERE;0;
22/11/23 09:42:42;;45.198116;5.759645;;VIDAGE;1;
22/11/23 09:42:48;;45.198112;5.759649;0.0;VIDAGE;35;
22/11/23 09:43:01;Inconnu, La Tronche;45.19804;5.760086;21.0;HAUT LE PIED;21;
22/11/23 09:43:13;Inconnu, La Tronche;45.198067;5.760355;;VIDAGE;25;
22/11/23 09:43:31;Inconnu, La Tronche;45.198044;5.76004;0.0;VIDAGE;30;
22/11/23 09:43:41;;45.198269;5.759839;8.0;HAUT LE PIED;35;
22/11/23 09:43:48;Inconnu, La Tronche;45.198288;5.760287;12.0;HAUT LE PIED;34;
22/11/23 09:44:19;;45.198326;5.759858;0.0;VIDAGE;30;
22/11/23 09:46:16;Inconnu, La Tronche;45.198059;5.759798;11.0;HAUT LE PIED;18;
22/11/23 09:46:20;Inconnu, La Tronche;45.197899;5.759765;10.0;HAUT LE PIED;20;
22/11/23 09:46:24;Inconnu, La Tronche;45.197723;5.759706;11.0;HAUT LE PIED;23;
22/11/23 09:46:28;Inconnu, La Tronche;45.19759;5.759479;20.0;HAUT LE PIED;47;
22/11/23 09:46:36;Inconnu, La Tronche;45.197472;5.758909;24.0;HAUT LE PIED;21;
22/11/23 09:46:39;Inconnu, La Tronche;45.197559;5.758666;29.0;HAUT LE PIED;50;
22/11/23 09:46:46;Inconnu, La Tronche;45.197906;5.758255;18.0;HAUT LE PIED;12;
22/11/23 09:46:49;Inconnu, La Tronche;45.198002;5.758183;12.0;HAUT LE PIED;18;
22/11/23 09:46:54;Inconnu, La Tronche;45.198147;5.758278;12.0;HAUT LE PIED;10;
22/11/23 09:46:57;Inconnu, La Tronche;45.198227;5.758326;17.0;HAUT LE PIED;11;
22/11/23 09:47:00;Inconnu, La Tronche;45.198318;5.75829;9.0;HAUT LE PIED;49;
22/11/23 09:47:30;Inconnu, La Tronche;45.19873;5.758082;0.0;ARRET;26;
22/11/23 09:48:03;Inconnu, La Tronche;45.198902;5.757863;10.0;HAUT LE PIED;17;
22/11/23 09:48:06;Chemin de la Tuilerie, La Tronche;45.198864;5.757651;18.0;HAUT LE PIED;96;
22/11/23 09:48:37;Inconnu, La Tronche;45.198452;5.756577;0.0;DEPOT;26;
22/11/23 09:49:12;Inconnu, La Tronche;45.198292;5.756343;12.0;HAUT LE PIED;20;
22/11/23 09:49:39;Inconnu, La Tronche;45.198116;5.756294;;DEPOT;0;
22/11/23 09:49:39;Inconnu, La Tronche;45.198116;5.756294;;DEPOT;2;
22/11/23 09:49:43;Inconnu, La Tronche;45.198124;5.756316;0.0;DEPOT;1;
22/11/23 09:49:49;Inconnu, La Tronche;45.198128;5.75631;;DEPOT;0;
22/11/23 09:49:49;Inconnu, La Tronche;45.198128;5.75631;;DEPOT;1;
22/11/23 09:50:28;Inconnu, La Tronche;45.19812;5.756319;;DEPOT;0;
22/11/23 09:50:28;Inconnu, La Tronche;45.19812;5.756319;;DEPOT;0;
