Date;Rue;Latitude;Longitude;Vitesse;Etat;Distance;Infos
04/12/23 04:23:13;Inconnu, Sassenage;45.204578;5.686294;;DEPOT;0;
04/12/23 04:23:13;Inconnu, Sassenage;45.204578;5.686294;;DEPOT;0;
04/12/23 04:23:14;Inconnu, Sassenage;45.204578;5.686294;;DEPOT;0;
04/12/23 04:23:14;Inconnu, Sassenage;45.204578;5.686294;;DEPOT;0;
04/12/23 04:23:14;Inconnu, Sassenage;45.204578;5.686294;;DEPOT;0;
04/12/23 04:23:14;Inconnu, Sassenage;45.204578;5.686294;;DEPOT;0;
04/12/23 04:23:24;Inconnu, Sassenage;45.204578;5.686294;6.0;HAUT LE PIED;2;
04/12/23 04:23:55;Inconnu, Sassenage;45.204575;5.686317;0.0;DEPOT;43;
04/12/23 04:38:59;Inconnu, Sassenage;45.204926;5.686089;6.0;HAUT LE PIED;26;
04/12/23 04:39:12;Rue de Sornin, Sassenage;45.204979;5.685766;14.0;HAUT LE PIED;24;
04/12/23 04:39:19;Rue de Sornin, Sassenage;45.204853;5.685518;13.0;HAUT LE PIED;13;
04/12/23 04:39:23;Rue Baptiste Marcet, Sassenage;45.204735;5.685541;13.0;HAUT LE PIED;127;
04/12/23 04:39:41;Rue Baptiste Marcet, Sassenage;45.203777;5.686416;22.0;HAUT LE PIED;19;
04/12/23 04:39:44;Rue Baptiste Marcet, Sassenage;45.203747;5.68665;25.0;HAUT LE PIED;22;
04/12/23 04:39:47;Rue Baptiste Marcet, Sassenage;45.203835;5.6869;25.0;HAUT LE PIED;59;
04/12/23 04:39:55;Rue Baptiste Marcet, Sassenage;45.20409;5.687553;22.0;HAUT LE PIED;16;
04/12/23 04:39:58;Boulevard Joliot Curie, Fontaine;45.204063;5.687754;19.0;HAUT LE PIED;18;
04/12/23 04:40:01;Boulevard Joliot Curie, Fontaine;45.20393;5.687878;25.0;HAUT LE PIED;174;
04/12/23 04:40:25;Boulevard Joliot Curie, Fontaine;45.202557;5.688931;18.0;HAUT LE PIED;291;
04/12/23 04:40:56;Boulevard Joliot Curie, Fontaine;45.200306;5.690818;28.0;HAUT LE PIED;53;
04/12/23 04:41:04;Rue des Buissonnées, Fontaine;45.199913;5.691197;21.0;HAUT LE PIED;28;
04/12/23 04:41:08;Boulevard Joliot Curie, Fontaine;45.199703;5.691402;25.0;HAUT LE PIED;270;
04/12/23 04:41:39;Rue Jean Pain, Fontaine;45.197651;5.693247;12.0;HAUT LE PIED;85;
04/12/23 04:41:51;Boulevard Joliot Curie, Fontaine;45.196976;5.693747;32.0;HAUT LE PIED;275;
04/12/23 04:42:22;Boulevard Joliot Curie, Fontaine;45.194569;5.694551;6.0;HAUT LE PIED;28;
04/12/23 04:42:48;Boulevard Joliot Curie, Fontaine;45.194324;5.694647;24.0;HAUT LE PIED;160;
04/12/23 04:43:05;Boulevard Joliot Curie, Fontaine;45.192894;5.694825;26.0;HAUT LE PIED;227;
04/12/23 04:43:35;Boulevard Joliot Curie, Fontaine;45.190865;5.695124;37.0;HAUT LE PIED;29;
04/12/23 04:43:38;Boulevard Joliot Curie, Fontaine;45.190624;5.694986;35.0;HAUT LE PIED;301;
04/12/23 04:44:09;Boulevard Joliot Curie, Fontaine;45.18832;5.692963;30.0;HAUT LE PIED;288;
04/12/23 04:44:39;Boulevard Joliot Curie, Fontaine;45.186157;5.690946;15.0;HAUT LE PIED;13;
04/12/23 04:44:42;Avenue Lénine, Fontaine;45.186054;5.690873;17.0;HAUT LE PIED;17;
04/12/23 04:44:45;Avenue Lénine, Fontaine;45.185905;5.690932;27.0;HAUT LE PIED;25;
04/12/23 04:44:49;Inconnu, Fontaine;45.185696;5.691039;24.0;HAUT LE PIED;17;
04/12/23 04:44:52;Inconnu, Fontaine;45.185547;5.691031;20.0;HAUT LE PIED;16;
04/12/23 04:44:55;Inconnu, Fontaine;45.185528;5.691237;19.0;HAUT LE PIED;16;
04/12/23 04:44:58;Allée des Balmes, Fontaine;45.185577;5.691423;11.0;HAUT LE PIED;16;
04/12/23 04:45:29;Allée des Balmes, Fontaine;45.185642;5.691598;0.0;ARRET;1;
04/12/23 04:45:38;Allée des Balmes, Fontaine;45.185646;5.691611;;COLLECTE;0;
04/12/23 04:45:46;Allée des Balmes, Fontaine;45.185646;5.691611;;ARRET;0;
04/12/23 04:45:49;Allée des Balmes, Fontaine;45.185646;5.691613;;ARRET;8;
04/12/23 04:45:54;Allée des Balmes, Fontaine;45.185673;5.691705;;ARRET;2;
04/12/23 04:46:02;Allée des Balmes, Fontaine;45.185677;5.691727;;COLLECTE;1;
04/12/23 04:46:12;Allée des Balmes, Fontaine;45.18568;5.691735;;ARRET;2;
04/12/23 04:46:16;Allée des Balmes, Fontaine;45.185673;5.691753;;ARRET;19;
04/12/23 04:46:22;Allée des Balmes, Fontaine;45.185722;5.691983;19.0;HAUT LE PIED;6;
04/12/23 04:46:24;Allée des Balmes, Fontaine;45.185738;5.692055;;ARRET;5;
04/12/23 04:46:26;Allée des Balmes, Fontaine;45.185749;5.692111;;ARRET;1;
04/12/23 04:46:27;Allée des Balmes, Fontaine;45.185753;5.692129;;ARRET;1;
04/12/23 04:46:33;Allée des Balmes, Fontaine;45.18576;5.692132;;COLLECTE;1;
04/12/23 04:46:42;Allée des Balmes, Fontaine;45.185764;5.69214;;ARRET;0;
04/12/23 04:46:43;Allée des Balmes, Fontaine;45.18576;5.692142;;ARRET;29;
04/12/23 04:46:53;Allée des Balmes, Fontaine;45.185841;5.692493;14.0;HAUT LE PIED;41;
04/12/23 04:47:01;Allée des Balmes, Fontaine;45.18597;5.692986;;ARRET;11;
04/12/23 04:47:10;Allée des Balmes, Fontaine;45.185982;5.69313;;COLLECTE;1;
04/12/23 04:47:17;Allée des Balmes, Fontaine;45.185978;5.693137;;ARRET;0;
04/12/23 04:47:19;Allée des Balmes, Fontaine;45.185978;5.693138;;ARRET;9;
04/12/23 04:47:23;Allée des Balmes, Fontaine;45.185997;5.693251;17.0;HAUT LE PIED;48;
04/12/23 04:47:32;Allée des Balmes, Fontaine;45.186146;5.693822;9.0;HAUT LE PIED;12;
04/12/23 04:47:35;Allée des Balmes, Fontaine;45.186169;5.693969;9.0;HAUT LE PIED;79;
04/12/23 04:47:48;Allée des Balmes, Fontaine;45.186378;5.694932;22.0;HAUT LE PIED;67;
04/12/23 04:47:57;Allée des Balmes, Fontaine;45.186558;5.695742;20.0;HAUT LE PIED;20;
04/12/23 04:48:00;Allée des Balmes, Fontaine;45.186611;5.695991;17.0;HAUT LE PIED;0;
04/12/23 04:48:01;Allée des Balmes, Fontaine;45.186611;5.695991;;ARRET;12;
04/12/23 04:48:12;Allée des Balmes, Fontaine;45.186684;5.696106;;COLLECTE;1;
04/12/23 04:48:13;Allée des Balmes, Fontaine;45.186684;5.696116;;COLLECTE;3;
04/12/23 04:48:29;Allée des Balmes, Fontaine;45.186695;5.696157;;COLLECTE;0;
04/12/23 04:48:29;Allée des Balmes, Fontaine;45.186695;5.696157;;COLLECTE;0;
04/12/23 04:48:29;Allée des Balmes, Fontaine;45.186695;5.696157;;COLLECTE;0;
04/12/23 04:48:30;Allée des Balmes, Fontaine;45.186695;5.696157;;ARRET;0;
04/12/23 04:48:31;Allée des Balmes, Fontaine;45.186695;5.696158;0.0;ARRET;0;
04/12/23 04:48:43;Allée des Balmes, Fontaine;45.186695;5.696158;;COLLECTE;0;
04/12/23 04:48:43;Allée des Balmes, Fontaine;45.186695;5.696158;;COLLECTE;0;
04/12/23 04:48:55;Allée des Balmes, Fontaine;45.186695;5.69616;;COLLECTE;0;
04/12/23 04:48:55;Allée des Balmes, Fontaine;45.186695;5.69616;;COLLECTE;0;
04/12/23 04:48:55;Allée des Balmes, Fontaine;45.186695;5.69616;;COLLECTE;0;
04/12/23 04:48:56;Allée des Balmes, Fontaine;45.186695;5.69616;;ARRET;0;
04/12/23 04:48:59;Allée des Balmes, Fontaine;45.186695;5.696161;;ARRET;26;
04/12/23 04:49:09;Allée des Balmes, Fontaine;45.186764;5.696478;16.0;HAUT LE PIED;20;
04/12/23 04:49:12;Allée des Balmes, Fontaine;45.18681;5.696728;13.0;HAUT LE PIED;7;
04/12/23 04:49:14;Allée des Balmes, Fontaine;45.186821;5.696815;;ARRET;12;
04/12/23 04:49:18;Allée des Balmes, Fontaine;45.186859;5.696965;;ARRET;7;
04/12/23 04:49:43;Allée des Balmes, Fontaine;45.186882;5.697049;0.0;ARRET;27;
04/12/23 04:49:51;Avenue de la République, Seyssinet-Pariset;45.186661;5.697192;20.0;HAUT LE PIED;135;
04/12/23 04:50:09;Avenue de la République, Seyssinet-Pariset;45.185448;5.697146;;ARRET;5;
04/12/23 04:50:10;Avenue de la République, Seyssinet-Pariset;45.185406;5.697166;18.0;HAUT LE PIED;3;
04/12/23 04:50:23;Avenue de la République, Seyssinet-Pariset;45.185383;5.697188;;COLLECTE;1;
04/12/23 04:50:28;Avenue de la République, Seyssinet-Pariset;45.185387;5.697191;;COLLECTE;0;
04/12/23 04:50:31;Avenue de la République, Seyssinet-Pariset;45.185387;5.697191;;COLLECTE;0;
04/12/23 04:50:35;Avenue de la République, Seyssinet-Pariset;45.185387;5.697191;;ARRET;0;
04/12/23 04:50:40;Avenue de la République, Seyssinet-Pariset;45.185387;5.697191;0.0;ARRET;0;
04/12/23 04:50:41;Avenue de la République, Seyssinet-Pariset;45.185387;5.697191;;COLLECTE;0;
04/12/23 04:50:41;Avenue de la République, Seyssinet-Pariset;45.185387;5.697191;;COLLECTE;0;
04/12/23 04:50:49;Avenue de la République, Seyssinet-Pariset;45.185387;5.697191;;COLLECTE;0;
04/12/23 04:50:50;Avenue de la République, Seyssinet-Pariset;45.185387;5.697191;;ARRET;0;
04/12/23 04:50:54;Avenue de la République, Seyssinet-Pariset;45.185387;5.697191;;ARRET;28;
04/12/23 04:51:03;Avenue de la République, Seyssinet-Pariset;45.185139;5.697187;15.0;HAUT LE PIED;21;
04/12/23 04:51:07;Avenue de la République, Seyssinet-Pariset;45.184952;5.697174;21.0;HAUT LE PIED;32;
04/12/23 04:51:12;Avenue Aristide Bergès, Seyssinet-Pariset;45.184704;5.696971;23.0;HAUT LE PIED;16;
04/12/23 04:51:15;Avenue Aristide Bergès, Seyssinet-Pariset;45.184666;5.696778;17.0;HAUT LE PIED;0;
04/12/23 04:51:16;Avenue Aristide Bergès, Seyssinet-Pariset;45.184666;5.696778;;ARRET;10;
04/12/23 04:51:26;Inconnu, Seyssinet-Pariset;45.184662;5.696653;;COLLECTE;0;
04/12/23 04:51:26;Inconnu, Seyssinet-Pariset;45.184662;5.696653;;COLLECTE;1;
04/12/23 04:51:37;Inconnu, Seyssinet-Pariset;45.184666;5.696639;;COLLECTE;0;
04/12/23 04:51:37;Inconnu, Seyssinet-Pariset;45.184666;5.696639;;COLLECTE;0;
04/12/23 04:51:37;Inconnu, Seyssinet-Pariset;45.184666;5.696639;;COLLECTE;0;
04/12/23 04:51:39;Inconnu, Seyssinet-Pariset;45.184666;5.696638;;ARRET;1;
04/12/23 04:51:43;Inconnu, Seyssinet-Pariset;45.184669;5.696623;;ARRET;9;
04/12/23 04:51:45;Avenue Aristide Bergès, Seyssinet-Pariset;45.184669;5.696504;0.0;ARRET;12;
04/12/23 04:51:49;Avenue Aristide Bergès, Seyssinet-Pariset;45.184666;5.696352;;ARRET;4;
04/12/23 04:51:59;Avenue Aristide Bergès, Seyssinet-Pariset;45.184658;5.696306;;COLLECTE;1;
04/12/23 04:52:04;Avenue Aristide Bergès, Seyssinet-Pariset;45.184654;5.696316;;COLLECTE;0;
04/12/23 04:52:07;Avenue Aristide Bergès, Seyssinet-Pariset;45.184654;5.696315;;COLLECTE;13;
04/12/23 04:52:20;Inconnu, Seyssinet-Pariset;45.184685;5.69616;14.0;HAUT LE PIED;4;
04/12/23 04:52:22;Avenue Aristide Bergès, Seyssinet-Pariset;45.184689;5.696111;;COLLECTE;2;
04/12/23 04:52:23;Avenue Aristide Bergès, Seyssinet-Pariset;45.184689;5.696082;;COLLECTE;1;
04/12/23 04:52:24;Avenue Aristide Bergès, Seyssinet-Pariset;45.184689;5.696072;;ARRET;0;
04/12/23 04:52:24;Avenue Aristide Bergès, Seyssinet-Pariset;45.184689;5.696072;;COLLECTE;0;
04/12/23 04:52:38;Avenue Aristide Bergès, Seyssinet-Pariset;45.184685;5.696074;;COLLECTE;1;
04/12/23 04:52:46;Avenue Aristide Bergès, Seyssinet-Pariset;45.184685;5.696083;;COLLECTE;0;
04/12/23 04:52:51;Avenue Aristide Bergès, Seyssinet-Pariset;45.184689;5.696081;0.0;COLLECTE;0;
04/12/23 04:52:53;Avenue Aristide Bergès, Seyssinet-Pariset;45.184689;5.69608;;ARRET;1;
04/12/23 04:53:11;Avenue Aristide Bergès, Seyssinet-Pariset;45.184685;5.696071;;COLLECTE;0;
04/12/23 04:53:13;Avenue Aristide Bergès, Seyssinet-Pariset;45.184685;5.69607;;COLLECTE;1;
04/12/23 04:53:18;Avenue Aristide Bergès, Seyssinet-Pariset;45.184681;5.696067;;COLLECTE;0;
04/12/23 04:53:19;Avenue Aristide Bergès, Seyssinet-Pariset;45.184681;5.696067;;ARRET;1;
04/12/23 04:53:24;Avenue Aristide Bergès, Seyssinet-Pariset;45.184681;5.696059;;ARRET;24;
04/12/23 04:53:30;Avenue Aristide Bergès, Seyssinet-Pariset;45.184658;5.695755;16.0;HAUT LE PIED;65;
04/12/23 04:53:46;Inconnu, Seyssinet-Pariset;45.184677;5.694929;;ARRET;7;
04/12/23 04:53:57;Avenue Aristide Bergès, Seyssinet-Pariset;45.184666;5.694843;;COLLECTE;0;
04/12/23 04:53:57;Avenue Aristide Bergès, Seyssinet-Pariset;45.184666;5.694843;;COLLECTE;1;
04/12/23 04:54:01;Avenue Aristide Bergès, Seyssinet-Pariset;45.184658;5.694835;0.0;COLLECTE;0;
04/12/23 04:54:04;Avenue Aristide Bergès, Seyssinet-Pariset;45.184658;5.694834;;COLLECTE;0;
04/12/23 04:54:04;Avenue Aristide Bergès, Seyssinet-Pariset;45.184658;5.694834;;ARRET;0;
04/12/23 04:54:09;Avenue Aristide Bergès, Seyssinet-Pariset;45.184658;5.694833;;ARRET;27;
04/12/23 04:54:43;Avenue Aristide Bergès, Seyssinet-Pariset;45.184658;5.694491;15.0;HAUT LE PIED;17;
04/12/23 04:54:45;Rue Aimé Bouchayer, Seyssinet-Pariset;45.184803;5.694568;17.0;HAUT LE PIED;106;
04/12/23 04:54:59;Rue Aimé Bouchayer, Fontaine;45.185757;5.694669;20.0;HAUT LE PIED;0;
04/12/23 04:55:00;Rue Aimé Bouchayer, Fontaine;45.185757;5.694669;;ARRET;7;
04/12/23 04:55:20;Rue Aimé Bouchayer, Fontaine;45.185822;5.694685;;COLLECTE;0;
04/12/23 04:55:21;Rue Aimé Bouchayer, Fontaine;45.185822;5.694685;;ARRET;0;
04/12/23 04:55:21;Rue Aimé Bouchayer, Fontaine;45.185822;5.694685;;COLLECTE;0;
04/12/23 04:55:21;Rue Aimé Bouchayer, Fontaine;45.185822;5.694685;;COLLECTE;0;
04/12/23 04:55:29;Rue Aimé Bouchayer, Fontaine;45.185822;5.694686;0.0;COLLECTE;0;
04/12/23 04:55:32;Rue Aimé Bouchayer, Fontaine;45.185822;5.694686;;COLLECTE;0;
04/12/23 04:55:32;Rue Aimé Bouchayer, Fontaine;45.185822;5.694686;;COLLECTE;0;
04/12/23 04:55:32;Rue Aimé Bouchayer, Fontaine;45.185822;5.694686;;COLLECTE;0;
04/12/23 04:55:34;Rue Aimé Bouchayer, Fontaine;45.185822;5.694686;;ARRET;0;
04/12/23 04:55:36;Rue Aimé Bouchayer, Fontaine;45.185822;5.694686;;COLLECTE;0;
04/12/23 04:55:37;Rue Aimé Bouchayer, Fontaine;45.185822;5.694686;;COLLECTE;0;
04/12/23 04:55:37;Rue Aimé Bouchayer, Fontaine;45.185822;5.694686;;COLLECTE;0;
04/12/23 04:55:37;Rue Aimé Bouchayer, Fontaine;45.185822;5.694686;;COLLECTE;0;
04/12/23 04:55:47;Rue Aimé Bouchayer, Fontaine;45.185822;5.694686;;COLLECTE;0;
04/12/23 04:55:47;Rue Aimé Bouchayer, Fontaine;45.185822;5.694686;;ARRET;29;
04/12/23 04:55:56;Rue Aimé Bouchayer, Fontaine;45.186081;5.694681;16.0;HAUT LE PIED;11;
04/12/23 04:55:59;Rue Aimé Bouchayer, Fontaine;45.186111;5.694553;11.0;HAUT LE PIED;12;
04/12/23 04:56:02;Inconnu, Seyssinet-Pariset;45.186016;5.694489;16.0;HAUT LE PIED;16;
04/12/23 04:56:05;Inconnu, Seyssinet-Pariset;45.185875;5.694494;17.0;HAUT LE PIED;32;
04/12/23 04:56:10;Inconnu, Seyssinet-Pariset;45.185589;5.694511;21.0;HAUT LE PIED;12;
04/12/23 04:56:13;Rue Aimé Bouchayer, Seyssinet-Pariset;45.185493;5.694585;13.0;HAUT LE PIED;5;
04/12/23 04:56:17;Rue Aimé Bouchayer, Seyssinet-Pariset;45.185448;5.694581;;ARRET;36;
04/12/23 04:56:26;Rue Aimé Bouchayer, Seyssinet-Pariset;45.185123;5.694592;20.0;HAUT LE PIED;21;
04/12/23 04:56:31;Rue Aimé Bouchayer, Seyssinet-Pariset;45.184933;5.694587;;ARRET;3;
04/12/23 04:56:33;Rue Aimé Bouchayer, Seyssinet-Pariset;45.18491;5.69459;;ARRET;3;
04/12/23 04:56:58;Rue Aimé Bouchayer, Seyssinet-Pariset;45.184883;5.694578;9.0;HAUT LE PIED;67;
04/12/23 04:57:11;Rue Aimé Bouchayer, Seyssinet-Pariset;45.18428;5.694536;;ARRET;3;
04/12/23 04:57:23;Rue Aimé Bouchayer, Seyssinet-Pariset;45.184258;5.694566;;COLLECTE;0;
04/12/23 04:57:24;Rue Aimé Bouchayer, Seyssinet-Pariset;45.184258;5.694565;;COLLECTE;0;
04/12/23 04:57:24;Rue Aimé Bouchayer, Seyssinet-Pariset;45.184258;5.694565;;COLLECTE;0;
04/12/23 04:57:25;Rue Aimé Bouchayer, Seyssinet-Pariset;45.184261;5.694564;;COLLECTE;0;
04/12/23 04:57:28;Rue Aimé Bouchayer, Seyssinet-Pariset;45.184261;5.694562;0.0;COLLECTE;0;
04/12/23 04:57:34;Rue Aimé Bouchayer, Seyssinet-Pariset;45.184261;5.694562;;COLLECTE;0;
04/12/23 04:57:35;Rue Aimé Bouchayer, Seyssinet-Pariset;45.184261;5.694562;;ARRET;0;
04/12/23 04:57:38;Rue Aimé Bouchayer, Seyssinet-Pariset;45.184261;5.694562;;ARRET;26;
04/12/23 04:57:46;Rue Aimé Bouchayer, Seyssinet-Pariset;45.184032;5.694544;21.0;HAUT LE PIED;28;
04/12/23 04:57:52;Rue Aimé Bouchayer, Seyssinet-Pariset;45.183781;5.694517;;ARRET;4;
04/12/23 04:58:03;Rue Aimé Bouchayer, Seyssinet-Pariset;45.183743;5.694515;;COLLECTE;0;
04/12/23 04:58:04;Rue Aimé Bouchayer, Seyssinet-Pariset;45.183743;5.694516;;COLLECTE;0;
04/12/23 04:58:15;Rue Aimé Bouchayer, Seyssinet-Pariset;45.183743;5.694516;;COLLECTE;0;
04/12/23 04:58:15;Rue Aimé Bouchayer, Seyssinet-Pariset;45.183743;5.694516;;COLLECTE;0;
04/12/23 04:58:15;Rue Aimé Bouchayer, Seyssinet-Pariset;45.183743;5.694516;;COLLECTE;0;
04/12/23 04:58:16;Rue Aimé Bouchayer, Seyssinet-Pariset;45.183743;5.694516;;ARRET;0;
04/12/23 04:58:19;Rue Aimé Bouchayer, Seyssinet-Pariset;45.183743;5.694516;;COLLECTE;0;
04/12/23 04:58:20;Rue Aimé Bouchayer, Seyssinet-Pariset;45.183743;5.694516;;COLLECTE;0;
04/12/23 04:58:20;Rue Aimé Bouchayer, Seyssinet-Pariset;45.183743;5.694516;;COLLECTE;0;
04/12/23 04:58:20;Rue Aimé Bouchayer, Seyssinet-Pariset;45.183743;5.694516;;COLLECTE;0;
04/12/23 04:58:33;Rue Aimé Bouchayer, Seyssinet-Pariset;45.183743;5.694516;;COLLECTE;0;
04/12/23 04:58:33;Rue Aimé Bouchayer, Seyssinet-Pariset;45.183743;5.694516;;COLLECTE;0;
04/12/23 04:58:33;Rue Aimé Bouchayer, Seyssinet-Pariset;45.183743;5.694516;;COLLECTE;0;
04/12/23 04:58:35;Rue Aimé Bouchayer, Seyssinet-Pariset;45.183743;5.694515;;ARRET;0;
04/12/23 04:58:37;Rue Aimé Bouchayer, Seyssinet-Pariset;45.183743;5.694516;;COLLECTE;0;
04/12/23 04:58:38;Rue Aimé Bouchayer, Seyssinet-Pariset;45.183743;5.694515;;COLLECTE;0;
04/12/23 04:58:38;Rue Aimé Bouchayer, Seyssinet-Pariset;45.183743;5.694515;;COLLECTE;0;
04/12/23 04:58:38;Rue Aimé Bouchayer, Seyssinet-Pariset;45.183743;5.694515;;COLLECTE;0;
04/12/23 04:58:49;Rue Aimé Bouchayer, Seyssinet-Pariset;45.183743;5.694516;;COLLECTE;0;
04/12/23 04:58:49;Rue Aimé Bouchayer, Seyssinet-Pariset;45.183743;5.694516;;COLLECTE;0;
04/12/23 04:58:49;Rue Aimé Bouchayer, Seyssinet-Pariset;45.183743;5.694516;;COLLECTE;0;
04/12/23 04:58:51;Rue Aimé Bouchayer, Seyssinet-Pariset;45.183743;5.694516;;ARRET;0;
04/12/23 04:58:53;Rue Aimé Bouchayer, Seyssinet-Pariset;45.183743;5.694516;;ARRET;27;
04/12/23 04:59:08;Rue Aimé Bouchayer, Seyssinet-Pariset;45.183498;5.694532;18.0;HAUT LE PIED;179;
04/12/23 04:59:33;Rue Aimé Bouchayer, Seyssinet-Pariset;45.181892;5.694532;;ARRET;5;
04/12/23 04:59:40;Rue Aimé Bouchayer, Seyssinet-Pariset;45.18185;5.694525;0.0;ARRET;1;
04/12/23 04:59:45;Rue Aimé Bouchayer, Seyssinet-Pariset;45.181847;5.694518;;COLLECTE;0;
04/12/23 04:59:48;Rue Aimé Bouchayer, Seyssinet-Pariset;45.181843;5.694516;;ARRET;0;
04/12/23 04:59:48;Rue Aimé Bouchayer, Seyssinet-Pariset;45.181843;5.694516;;COLLECTE;0;
04/12/23 04:59:54;Rue Aimé Bouchayer, Seyssinet-Pariset;45.181843;5.694512;;ARRET;0;
04/12/23 05:00:05;Rue Aimé Bouchayer, Seyssinet-Pariset;45.181843;5.694513;;COLLECTE;0;
04/12/23 05:00:05;Rue Aimé Bouchayer, Seyssinet-Pariset;45.181843;5.694513;;COLLECTE;0;
04/12/23 05:00:16;Rue Aimé Bouchayer, Seyssinet-Pariset;45.181843;5.694513;;COLLECTE;0;
04/12/23 05:00:16;Rue Aimé Bouchayer, Seyssinet-Pariset;45.181843;5.694513;;ARRET;0;
04/12/23 05:00:20;Rue Aimé Bouchayer, Seyssinet-Pariset;45.181843;5.694513;;COLLECTE;0;
04/12/23 05:00:22;Rue Aimé Bouchayer, Seyssinet-Pariset;45.181843;5.694513;;COLLECTE;0;
04/12/23 05:00:22;Rue Aimé Bouchayer, Seyssinet-Pariset;45.181843;5.694513;;COLLECTE;0;
04/12/23 05:00:22;Rue Aimé Bouchayer, Seyssinet-Pariset;45.181843;5.694513;;COLLECTE;0;
04/12/23 05:00:30;Rue Aimé Bouchayer, Seyssinet-Pariset;45.181843;5.694513;;COLLECTE;0;
04/12/23 05:00:30;Rue Aimé Bouchayer, Seyssinet-Pariset;45.181843;5.694513;;COLLECTE;0;
04/12/23 05:00:30;Rue Aimé Bouchayer, Seyssinet-Pariset;45.181843;5.694513;;COLLECTE;0;
04/12/23 05:00:32;Rue Aimé Bouchayer, Seyssinet-Pariset;45.181843;5.694513;;ARRET;0;
04/12/23 05:00:35;Rue Aimé Bouchayer, Seyssinet-Pariset;45.181843;5.694513;;ARRET;25;
04/12/23 05:00:45;Inconnu, Seyssinet-Pariset;45.181622;5.694489;21.0;HAUT LE PIED;48;
04/12/23 05:00:53;Rue Aimé Bouchayer, Seyssinet-Pariset;45.18119;5.694497;8.0;HAUT LE PIED;0;
04/12/23 05:00:54;Rue Aimé Bouchayer, Seyssinet-Pariset;45.18119;5.694497;;ARRET;2;
04/12/23 05:01:04;Rue Aimé Bouchayer, Seyssinet-Pariset;45.181168;5.694502;;ARRET;21;
04/12/23 05:01:15;Rue Roger Barbe, Seyssinet-Pariset;45.181011;5.69464;;ARRET;9;
04/12/23 05:01:23;Rue Roger Barbe, Seyssinet-Pariset;45.181;5.694753;0.0;ARRET;1;
04/12/23 05:01:34;Rue Roger Barbe, Seyssinet-Pariset;45.181004;5.694757;;COLLECTE;0;
04/12/23 05:01:34;Rue Roger Barbe, Seyssinet-Pariset;45.181004;5.694757;;COLLECTE;0;
04/12/23 05:01:44;Rue Roger Barbe, Seyssinet-Pariset;45.181004;5.694757;;COLLECTE;0;
04/12/23 05:01:45;Rue Roger Barbe, Seyssinet-Pariset;45.181004;5.694757;;ARRET;0;
04/12/23 05:01:52;Rue Roger Barbe, Seyssinet-Pariset;45.181004;5.694757;;COLLECTE;0;
04/12/23 05:01:54;Rue Roger Barbe, Seyssinet-Pariset;45.181004;5.694757;;COLLECTE;0;
04/12/23 05:01:54;Rue Roger Barbe, Seyssinet-Pariset;45.181004;5.694757;;COLLECTE;0;
04/12/23 05:01:54;Rue Roger Barbe, Seyssinet-Pariset;45.181004;5.694757;;COLLECTE;0;
04/12/23 05:02:03;Rue Roger Barbe, Seyssinet-Pariset;45.181004;5.694757;;COLLECTE;0;
04/12/23 05:02:03;Rue Roger Barbe, Seyssinet-Pariset;45.181004;5.694757;;COLLECTE;0;
04/12/23 05:02:03;Rue Roger Barbe, Seyssinet-Pariset;45.181004;5.694757;;COLLECTE;0;
04/12/23 05:02:06;Rue Roger Barbe, Seyssinet-Pariset;45.181004;5.694757;;ARRET;0;
04/12/23 05:02:11;Rue Roger Barbe, Seyssinet-Pariset;45.181004;5.694757;;COLLECTE;0;
04/12/23 05:02:12;Rue Roger Barbe, Seyssinet-Pariset;45.181004;5.694757;;COLLECTE;0;
04/12/23 05:02:12;Rue Roger Barbe, Seyssinet-Pariset;45.181004;5.694757;;COLLECTE;0;
04/12/23 05:02:12;Rue Roger Barbe, Seyssinet-Pariset;45.181004;5.694757;;COLLECTE;0;
04/12/23 05:02:22;Rue Roger Barbe, Seyssinet-Pariset;45.181004;5.694757;;COLLECTE;0;
04/12/23 05:02:23;Rue Roger Barbe, Seyssinet-Pariset;45.181004;5.694757;;COLLECTE;0;
04/12/23 05:02:23;Rue Roger Barbe, Seyssinet-Pariset;45.181004;5.694757;;COLLECTE;0;
04/12/23 05:02:25;Rue Roger Barbe, Seyssinet-Pariset;45.181004;5.694757;;ARRET;0;
04/12/23 05:02:26;Rue Roger Barbe, Seyssinet-Pariset;45.181004;5.694757;;ARRET;29;
04/12/23 05:02:35;Rue Roger Barbe, Seyssinet-Pariset;45.181007;5.695132;21.0;HAUT LE PIED;148;
04/12/23 05:02:59;Avenue de la République, Seyssinet-Pariset;45.18087;5.697005;15.0;HAUT LE PIED;11;
04/12/23 05:03:03;Seyssinet Pariset - Hôtel de Ville, Seyssinet-Pari;45.18079;5.697077;12.0;HAUT LE PIED;17;
04/12/23 05:03:06;Place André Balme, Seyssinet-Pariset;45.180637;5.69712;16.0;HAUT LE PIED;14;
04/12/23 05:03:09;Rue de la Poste, Seyssinet-Pariset;45.180607;5.697289;20.0;HAUT LE PIED;18;
04/12/23 05:03:13;Rue de la Poste, Seyssinet-Pariset;45.180614;5.69752;13.0;HAUT LE PIED;10;
04/12/23 05:03:16;Rue de la Poste, Seyssinet-Pariset;45.18055;5.697612;11.0;HAUT LE PIED;12;
04/12/23 05:03:19;Inconnu, Seyssinet-Pariset;45.180447;5.697577;14.0;HAUT LE PIED;10;
04/12/23 05:03:24;Inconnu, Seyssinet-Pariset;45.180439;5.697449;;ARRET;3;
04/12/23 05:03:41;Inconnu, Seyssinet-Pariset;45.180416;5.697427;;COLLECTE;0;
04/12/23 05:03:43;Inconnu, Seyssinet-Pariset;45.180416;5.697427;;ARRET;0;
04/12/23 05:03:43;Inconnu, Seyssinet-Pariset;45.180416;5.697427;;COLLECTE;0;
04/12/23 05:03:43;Inconnu, Seyssinet-Pariset;45.180416;5.697427;;COLLECTE;0;
04/12/23 05:03:50;Inconnu, Seyssinet-Pariset;45.180416;5.697426;0.0;COLLECTE;0;
04/12/23 05:03:52;Inconnu, Seyssinet-Pariset;45.180416;5.697426;;COLLECTE;0;
04/12/23 05:03:52;Inconnu, Seyssinet-Pariset;45.180416;5.697426;;COLLECTE;0;
04/12/23 05:03:52;Inconnu, Seyssinet-Pariset;45.180416;5.697426;;COLLECTE;0;
04/12/23 05:03:55;Inconnu, Seyssinet-Pariset;45.180416;5.697426;;ARRET;0;
04/12/23 05:03:58;Inconnu, Seyssinet-Pariset;45.180416;5.697426;;COLLECTE;0;
04/12/23 05:04:00;Inconnu, Seyssinet-Pariset;45.180416;5.697426;;ARRET;0;
04/12/23 05:04:00;Inconnu, Seyssinet-Pariset;45.180416;5.697426;;COLLECTE;0;
04/12/23 05:04:00;Inconnu, Seyssinet-Pariset;45.180416;5.697426;;COLLECTE;0;
04/12/23 05:04:25;Inconnu, Seyssinet-Pariset;45.180416;5.697423;;COLLECTE;0;
04/12/23 05:04:25;Inconnu, Seyssinet-Pariset;45.180416;5.697423;;COLLECTE;0;
04/12/23 05:04:25;Inconnu, Seyssinet-Pariset;45.180416;5.697423;;COLLECTE;0;
04/12/23 05:04:27;Inconnu, Seyssinet-Pariset;45.180416;5.697423;;ARRET;0;
04/12/23 05:04:30;Inconnu, Seyssinet-Pariset;45.180416;5.697423;;COLLECTE;0;
04/12/23 05:04:32;Inconnu, Seyssinet-Pariset;45.180416;5.697423;;ARRET;0;
04/12/23 05:04:32;Inconnu, Seyssinet-Pariset;45.180416;5.697423;;COLLECTE;0;
04/12/23 05:04:33;Inconnu, Seyssinet-Pariset;45.180416;5.697423;;COLLECTE;0;
04/12/23 05:04:45;Inconnu, Seyssinet-Pariset;45.180416;5.697423;;COLLECTE;0;
04/12/23 05:04:46;Inconnu, Seyssinet-Pariset;45.180416;5.697423;;COLLECTE;0;
04/12/23 05:04:46;Inconnu, Seyssinet-Pariset;45.180416;5.697423;;COLLECTE;0;
04/12/23 05:04:47;Inconnu, Seyssinet-Pariset;45.180416;5.697423;;ARRET;0;
04/12/23 05:04:53;Inconnu, Seyssinet-Pariset;45.180416;5.697423;;COLLECTE;0;
04/12/23 05:04:54;Inconnu, Seyssinet-Pariset;45.180416;5.697423;;ARRET;0;
04/12/23 05:04:54;Inconnu, Seyssinet-Pariset;45.180416;5.697423;;COLLECTE;0;
04/12/23 05:04:55;Inconnu, Seyssinet-Pariset;45.180416;5.697423;;COLLECTE;0;
04/12/23 05:05:05;Inconnu, Seyssinet-Pariset;45.180416;5.697423;;COLLECTE;0;
04/12/23 05:05:06;Inconnu, Seyssinet-Pariset;45.180416;5.697423;;ARRET;0;
04/12/23 05:05:17;Inconnu, Seyssinet-Pariset;45.180416;5.697422;;ARRET;24;
04/12/23 05:05:29;Place André Balme, Seyssinet-Pariset;45.18047;5.697122;;ARRET;2;
04/12/23 05:05:30;Avenue de la République, Seyssinet-Pariset;45.180477;5.697098;;ARRET;27;
04/12/23 05:05:38;Avenue de la République, Seyssinet-Pariset;45.180714;5.697049;19.0;HAUT LE PIED;18;
04/12/23 05:05:41;Rue Roger Barbe, Seyssinet-Pariset;45.180859;5.696956;24.0;HAUT LE PIED;21;
04/12/23 05:05:44;Place André Balme, Seyssinet-Pariset;45.18092;5.696703;25.0;HAUT LE PIED;16;
04/12/23 05:05:48;Rue Roger Barbe, Seyssinet-Pariset;45.180935;5.696496;;ARRET;7;
04/12/23 05:06:13;Rue Roger Barbe, Seyssinet-Pariset;45.180927;5.696405;;COLLECTE;1;
04/12/23 05:06:18;Rue Roger Barbe, Seyssinet-Pariset;45.180927;5.696393;0.0;COLLECTE;1;
04/12/23 05:06:21;Rue Roger Barbe, Seyssinet-Pariset;45.180931;5.696388;;ARRET;1;
04/12/23 05:06:26;Rue Roger Barbe, Seyssinet-Pariset;45.180927;5.696377;;ARRET;28;
04/12/23 05:06:32;Rue Roger Barbe, Seyssinet-Pariset;45.18095;5.696024;21.0;HAUT LE PIED;12;
04/12/23 05:06:35;Rue Général Mignot, Seyssinet-Pariset;45.180996;5.695879;13.0;HAUT LE PIED;12;
04/12/23 05:06:38;Rue Général Mignot, Seyssinet-Pariset;45.181107;5.695872;17.0;HAUT LE PIED;20;
04/12/23 05:06:42;Rue Général Mignot, Seyssinet-Pariset;45.18129;5.695902;9.0;HAUT LE PIED;0;
04/12/23 05:06:43;Rue Général Mignot, Seyssinet-Pariset;45.18129;5.695902;;ARRET;5;
04/12/23 05:07:03;Rue Général Mignot, Seyssinet-Pariset;45.181335;5.695921;;COLLECTE;0;
04/12/23 05:07:04;Rue Général Mignot, Seyssinet-Pariset;45.181335;5.695921;;COLLECTE;0;
04/12/23 05:07:04;Rue Général Mignot, Seyssinet-Pariset;45.181335;5.695921;;COLLECTE;0;
04/12/23 05:07:04;Rue Général Mignot, Seyssinet-Pariset;45.181335;5.695921;;COLLECTE;0;
04/12/23 05:07:13;Rue Général Mignot, Seyssinet-Pariset;45.181335;5.695922;0.0;COLLECTE;0;
04/12/23 05:07:14;Rue Général Mignot, Seyssinet-Pariset;45.181335;5.695922;;COLLECTE;0;
04/12/23 05:07:14;Rue Général Mignot, Seyssinet-Pariset;45.181335;5.695922;;COLLECTE;0;
04/12/23 05:07:14;Rue Général Mignot, Seyssinet-Pariset;45.181335;5.695922;;COLLECTE;0;
04/12/23 05:07:16;Rue Général Mignot, Seyssinet-Pariset;45.181335;5.695922;;ARRET;2;
04/12/23 05:07:28;Rue Général Mignot, Seyssinet-Pariset;45.181355;5.695926;;ARRET;21;
04/12/23 05:07:35;Rue Général Mignot, Seyssinet-Pariset;45.181545;5.695932;;ARRET;3;
04/12/23 05:07:45;Rue Général Mignot, Seyssinet-Pariset;45.181564;5.695913;;COLLECTE;1;
04/12/23 05:07:53;Rue Général Mignot, Seyssinet-Pariset;45.181568;5.69591;;ARRET;0;
04/12/23 05:07:55;Rue Général Mignot, Seyssinet-Pariset;45.181568;5.69591;;COLLECTE;0;
04/12/23 05:08:03;Rue Général Mignot, Seyssinet-Pariset;45.181568;5.69591;;ARRET;0;
04/12/23 05:08:09;Rue Général Mignot, Seyssinet-Pariset;45.181568;5.69591;;COLLECTE;0;
04/12/23 05:08:28;Rue Général Mignot, Seyssinet-Pariset;45.181568;5.69591;;COLLECTE;0;
04/12/23 05:08:28;Rue Général Mignot, Seyssinet-Pariset;45.181568;5.69591;;COLLECTE;0;
04/12/23 05:08:29;Rue Général Mignot, Seyssinet-Pariset;45.181568;5.69591;;ARRET;0;
04/12/23 05:08:34;Rue Général Mignot, Seyssinet-Pariset;45.181568;5.69591;;COLLECTE;0;
04/12/23 05:08:37;Rue Général Mignot, Seyssinet-Pariset;45.181568;5.69591;;ARRET;0;
04/12/23 05:08:44;Rue Général Mignot, Seyssinet-Pariset;45.181568;5.69591;;COLLECTE;0;
04/12/23 05:08:44;Rue Général Mignot, Seyssinet-Pariset;45.181568;5.69591;;COLLECTE;0;
04/12/23 05:08:45;Rue Général Mignot, Seyssinet-Pariset;45.181568;5.69591;;COLLECTE;0;
04/12/23 05:08:45;Rue Général Mignot, Seyssinet-Pariset;45.181568;5.69591;;COLLECTE;0;
04/12/23 05:08:54;Rue Général Mignot, Seyssinet-Pariset;45.181568;5.69591;;COLLECTE;0;
04/12/23 05:08:54;Rue Général Mignot, Seyssinet-Pariset;45.181568;5.69591;;COLLECTE;0;
04/12/23 05:08:54;Rue Général Mignot, Seyssinet-Pariset;45.181568;5.69591;;COLLECTE;0;
04/12/23 05:08:56;Rue Général Mignot, Seyssinet-Pariset;45.181568;5.69591;;ARRET;0;
04/12/23 05:09:14;Rue Général Mignot, Seyssinet-Pariset;45.181568;5.69591;;ARRET;3;
04/12/23 05:09:21;Rue Général Mignot, Seyssinet-Pariset;45.181595;5.695907;10.0;HAUT LE PIED;74;
04/12/23 05:09:35;Rue Général Mignot, Seyssinet-Pariset;45.182255;5.695957;;ARRET;2;
04/12/23 05:09:44;Rue Général Mignot, Seyssinet-Pariset;45.18227;5.695973;;COLLECTE;0;
04/12/23 05:09:44;Rue Général Mignot, Seyssinet-Pariset;45.18227;5.695973;;COLLECTE;1;
04/12/23 05:09:52;Rue Général Mignot, Seyssinet-Pariset;45.18227;5.695981;;COLLECTE;0;
04/12/23 05:09:53;Rue Général Mignot, Seyssinet-Pariset;45.18227;5.695981;;ARRET;0;
04/12/23 05:10:02;Rue Général Mignot, Seyssinet-Pariset;45.18227;5.695981;;COLLECTE;0;
04/12/23 05:10:09;Rue Général Mignot, Seyssinet-Pariset;45.18227;5.69598;;ARRET;1;
04/12/23 05:10:14;Rue Général Mignot, Seyssinet-Pariset;45.182278;5.695982;;ARRET;36;
04/12/23 05:10:22;Rue Jean Jaurès, Seyssinet-Pariset;45.182598;5.695966;12.0;HAUT LE PIED;9;
04/12/23 05:10:25;Rue Jean Jaurès, Seyssinet-Pariset;45.182621;5.695851;16.0;HAUT LE PIED;30;
04/12/23 05:10:33;Rue Jean Jaurès, Seyssinet-Pariset;45.182636;5.695471;;ARRET;2;
04/12/23 05:10:39;Rue Jean Jaurès, Seyssinet-Pariset;45.182632;5.695447;;COLLECTE;1;
04/12/23 05:10:47;Rue Jean Jaurès, Seyssinet-Pariset;45.182632;5.695435;;ARRET;2;
04/12/23 05:10:51;Rue Jean Jaurès, Seyssinet-Pariset;45.182632;5.695409;;ARRET;25;
04/12/23 05:10:56;Rue Jean Jaurès, Seyssinet-Pariset;45.182652;5.695093;22.0;HAUT LE PIED;19;
04/12/23 05:11:01;Rue Jean Jaurès, Seyssinet-Pariset;45.182659;5.694854;;ARRET;0;
04/12/23 05:11:08;Rue Jean Jaurès, Seyssinet-Pariset;45.182659;5.694848;;COLLECTE;0;
04/12/23 05:11:09;Rue Jean Jaurès, Seyssinet-Pariset;45.182655;5.694851;;ARRET;0;
04/12/23 05:11:09;Rue Jean Jaurès, Seyssinet-Pariset;45.182655;5.694851;;COLLECTE;0;
04/12/23 05:11:09;Rue Jean Jaurès, Seyssinet-Pariset;45.182655;5.694851;;COLLECTE;1;
04/12/23 05:11:20;Rue Jean Jaurès, Seyssinet-Pariset;45.182648;5.694858;;COLLECTE;0;
04/12/23 05:11:20;Rue Jean Jaurès, Seyssinet-Pariset;45.182648;5.694858;;COLLECTE;0;
04/12/23 05:11:20;Rue Jean Jaurès, Seyssinet-Pariset;45.182648;5.694858;;COLLECTE;0;
04/12/23 05:11:22;Rue Jean Jaurès, Seyssinet-Pariset;45.182648;5.694859;;ARRET;0;
04/12/23 05:11:27;Rue Jean Jaurès, Seyssinet-Pariset;45.182648;5.694859;;COLLECTE;0;
04/12/23 05:11:39;Rue Jean Jaurès, Seyssinet-Pariset;45.182648;5.694858;;ARRET;28;
04/12/23 05:11:53;Rue Jean Jaurès, Seyssinet-Pariset;45.182674;5.694504;12.0;HAUT LE PIED;13;
04/12/23 05:12:02;Rue Jean Jaurès, Seyssinet-Pariset;45.182697;5.694335;;ARRET;70;
04/12/23 05:12:24;Rue Jean Jaurès, Seyssinet-Pariset;45.182808;5.693456;;ARRET;2;
04/12/23 05:12:25;Rue Jean Jaurès, Seyssinet-Pariset;45.182812;5.693436;0.0;ARRET;1;
04/12/23 05:12:31;Rue Jean Jaurès, Seyssinet-Pariset;45.182819;5.693426;;COLLECTE;1;
04/12/23 05:12:38;Rue Jean Jaurès, Seyssinet-Pariset;45.182827;5.693437;;ARRET;0;
04/12/23 05:12:41;Rue Jean Jaurès, Seyssinet-Pariset;45.182827;5.693431;;ARRET;26;
04/12/23 05:12:47;Rue Jean Jaurès, Seyssinet-Pariset;45.182938;5.693141;20.0;HAUT LE PIED;87;
04/12/23 05:13:01;Rue Jean Jaurès, Seyssinet-Pariset;45.183331;5.692182;;ARRET;14;
04/12/23 05:13:12;Rue Jean Jaurès, Seyssinet-Pariset;45.183262;5.692038;;COLLECTE;0;
04/12/23 05:13:19;Rue Jean Jaurès, Seyssinet-Pariset;45.183266;5.692039;;ARRET;0;
04/12/23 05:13:20;Rue Jean Jaurès, Seyssinet-Pariset;45.183266;5.692039;;MARCHE ARRIERE;2;
04/12/23 05:13:30;Rue Jean Jaurès, Seyssinet-Pariset;45.183258;5.692061;;ARRET;1;
04/12/23 05:13:31;Rue Jean Jaurès, Seyssinet-Pariset;45.18325;5.692062;0.0;ARRET;5;
04/12/23 05:13:35;Rue Jean Jaurès, Seyssinet-Pariset;45.183216;5.6921;;MARCHE ARRIERE;4;
04/12/23 05:13:41;Rue Jean Jaurès, Seyssinet-Pariset;45.18325;5.692118;;ARRET;1;
04/12/23 05:13:43;Rue Jean Jaurès, Seyssinet-Pariset;45.183258;5.692126;;ARRET;22;
04/12/23 05:13:50;Rue Jean Jaurès, Seyssinet-Pariset;45.183224;5.692397;15.0;HAUT LE PIED;47;
04/12/23 05:13:57;Rue Jean Jaurès, Seyssinet-Pariset;45.183025;5.692923;28.0;HAUT LE PIED;55;
04/12/23 05:14:04;Rue Jean Jaurès, Seyssinet-Pariset;45.182785;5.693541;30.0;HAUT LE PIED;21;
04/12/23 05:14:08;Rue Jean Jaurès, Seyssinet-Pariset;45.182739;5.693803;;ARRET;3;
04/12/23 05:14:09;Rue Jean Jaurès, Seyssinet-Pariset;45.182728;5.693844;;ARRET;6;
04/12/23 05:14:10;Rue des Violettes, Seyssinet-Pariset;45.182709;5.693915;8.0;HAUT LE PIED;12;
04/12/23 05:14:15;Rue des Violettes, Seyssinet-Pariset;45.182602;5.693925;8.0;HAUT LE PIED;24;
04/12/23 05:14:23;Rue des Violettes, Seyssinet-Pariset;45.182388;5.69391;;ARRET;3;
04/12/23 05:14:34;Rue des Violettes, Seyssinet-Pariset;45.182362;5.693892;;COLLECTE;0;
04/12/23 05:14:41;Rue des Violettes, Seyssinet-Pariset;45.182358;5.69389;;ARRET;0;
04/12/23 05:14:46;Rue des Violettes, Seyssinet-Pariset;45.182354;5.693889;;ARRET;130;
04/12/23 05:15:08;Inconnu, Seyssinet-Pariset;45.181187;5.693949;12.0;HAUT LE PIED;10;
04/12/23 05:15:11;Rue Roger Barbe, Seyssinet-Pariset;45.181095;5.693947;8.0;HAUT LE PIED;6;
04/12/23 05:15:17;Rue Roger Barbe, Seyssinet-Pariset;45.181065;5.693876;;ARRET;5;
04/12/23 05:15:25;Rue Roger Barbe, Seyssinet-Pariset;45.181095;5.693829;;COLLECTE;1;
04/12/23 05:15:26;Rue Roger Barbe, Seyssinet-Pariset;45.181099;5.693826;;COLLECTE;0;
04/12/23 05:15:26;Rue Roger Barbe, Seyssinet-Pariset;45.181099;5.693826;;COLLECTE;0;
04/12/23 05:15:26;Rue Roger Barbe, Seyssinet-Pariset;45.181099;5.693826;;COLLECTE;1;
04/12/23 05:15:36;Rue Roger Barbe, Seyssinet-Pariset;45.181107;5.693825;;COLLECTE;0;
04/12/23 05:15:37;Rue Roger Barbe, Seyssinet-Pariset;45.181107;5.693825;;COLLECTE;0;
04/12/23 05:15:37;Rue Roger Barbe, Seyssinet-Pariset;45.181107;5.693825;;COLLECTE;0;
04/12/23 05:15:38;Rue Roger Barbe, Seyssinet-Pariset;45.181107;5.693825;;ARRET;0;
04/12/23 05:15:40;Rue Roger Barbe, Seyssinet-Pariset;45.181107;5.693825;;ARRET;6;
04/12/23 05:15:42;Rue Roger Barbe, Seyssinet-Pariset;45.181114;5.693751;0.0;ARRET;16;
04/12/23 05:15:48;Inconnu, Seyssinet-Pariset;45.181145;5.693548;;ARRET;4;
04/12/23 05:15:55;Inconnu, Seyssinet-Pariset;45.181183;5.693554;;COLLECTE;0;
04/12/23 05:15:56;Inconnu, Seyssinet-Pariset;45.181187;5.693553;;ARRET;0;
04/12/23 05:15:56;Inconnu, Seyssinet-Pariset;45.181187;5.693553;;COLLECTE;1;
04/12/23 05:16:09;Inconnu, Seyssinet-Pariset;45.181194;5.693556;;ARRET;1;
04/12/23 05:16:13;Inconnu, Seyssinet-Pariset;45.181194;5.693549;;COLLECTE;0;
04/12/23 05:16:13;Inconnu, Seyssinet-Pariset;45.181194;5.693549;;COLLECTE;1;
04/12/23 05:16:22;Inconnu, Seyssinet-Pariset;45.181198;5.693537;;COLLECTE;0;
04/12/23 05:16:23;Inconnu, Seyssinet-Pariset;45.181198;5.693536;;ARRET;0;
04/12/23 05:16:27;Inconnu, Seyssinet-Pariset;45.181198;5.693537;;COLLECTE;0;
04/12/23 05:16:28;Inconnu, Seyssinet-Pariset;45.181198;5.693537;;COLLECTE;0;
04/12/23 05:16:39;Inconnu, Seyssinet-Pariset;45.181198;5.693537;;COLLECTE;0;
04/12/23 05:16:39;Inconnu, Seyssinet-Pariset;45.181198;5.693537;;ARRET;0;
04/12/23 05:16:44;Inconnu, Seyssinet-Pariset;45.181202;5.693536;;ARRET;8;
04/12/23 05:16:47;Rue Lavoisier, Seyssinet-Pariset;45.181271;5.693501;14.0;HAUT LE PIED;13;
04/12/23 05:16:50;Rue Lavoisier, Seyssinet-Pariset;45.181362;5.693402;10.0;HAUT LE PIED;4;
04/12/23 05:16:53;Rue Lavoisier, Seyssinet-Pariset;45.181381;5.693361;;ARRET;1;
04/12/23 05:16:54;Rue Lavoisier, Seyssinet-Pariset;45.181385;5.693356;;ARRET;0;
04/12/23 05:16:55;Rue Lavoisier, Seyssinet-Pariset;45.181385;5.693361;;ARRET;1;
04/12/23 05:17:00;Rue Lavoisier, Seyssinet-Pariset;45.181389;5.693367;;COLLECTE;0;
04/12/23 05:17:00;Rue Lavoisier, Seyssinet-Pariset;45.181389;5.693367;;COLLECTE;0;
04/12/23 05:17:07;Rue Lavoisier, Seyssinet-Pariset;45.181389;5.693371;;COLLECTE;0;
04/12/23 05:17:08;Rue Lavoisier, Seyssinet-Pariset;45.181389;5.693371;;ARRET;0;
04/12/23 05:17:13;Rue Lavoisier, Seyssinet-Pariset;45.181389;5.693368;;ARRET;18;
04/12/23 05:17:21;Rue Lavoisier, Seyssinet-Pariset;45.181492;5.693192;0.0;ARRET;41;
04/12/23 05:17:34;Rue Lavoisier, Seyssinet-Pariset;45.181732;5.692789;;ARRET;2;
04/12/23 05:17:41;Rue Lavoisier, Seyssinet-Pariset;45.18174;5.692761;;COLLECTE;0;
04/12/23 05:17:42;Rue Lavoisier, Seyssinet-Pariset;45.18174;5.692761;;COLLECTE;0;
04/12/23 05:17:42;Rue Lavoisier, Seyssinet-Pariset;45.18174;5.692761;;COLLECTE;0;
04/12/23 05:17:42;Rue Lavoisier, Seyssinet-Pariset;45.18174;5.692761;;COLLECTE;1;
04/12/23 05:17:52;Rue Lavoisier, Seyssinet-Pariset;45.181747;5.692762;;COLLECTE;0;
04/12/23 05:17:52;Rue Lavoisier, Seyssinet-Pariset;45.181747;5.692762;;ARRET;0;
04/12/23 05:17:55;Rue Lavoisier, Seyssinet-Pariset;45.181751;5.69276;;ARRET;3;
04/12/23 05:17:58;Rue Lavoisier, Seyssinet-Pariset;45.18177;5.692735;9.0;HAUT LE PIED;42;
04/12/23 05:18:10;Rue Lavoisier, Seyssinet-Pariset;45.18206;5.692398;;ARRET;6;
04/12/23 05:18:26;Inconnu, Seyssinet-Pariset;45.182114;5.692376;;COLLECTE;0;
04/12/23 05:18:29;Inconnu, Seyssinet-Pariset;45.182114;5.692379;6.0;HAUT LE PIED;0;
04/12/23 05:18:32;Inconnu, Seyssinet-Pariset;45.182114;5.692383;;ARRET;0;
04/12/23 05:18:48;Inconnu, Seyssinet-Pariset;45.182114;5.692385;;COLLECTE;0;
04/12/23 05:18:54;Inconnu, Seyssinet-Pariset;45.182114;5.692385;;ARRET;0;
04/12/23 05:19:00;Inconnu, Seyssinet-Pariset;45.182114;5.692385;0.0;ARRET;0;
04/12/23 05:19:13;Inconnu, Seyssinet-Pariset;45.182114;5.692385;;COLLECTE;1;
04/12/23 05:19:23;Inconnu, Seyssinet-Pariset;45.18211;5.692391;;ARRET;3;
04/12/23 05:19:32;Inconnu, Seyssinet-Pariset;45.18211;5.692423;;ARRET;28;
04/12/23 05:19:41;Inconnu, Seyssinet-Pariset;45.182316;5.692216;24.0;HAUT LE PIED;77;
04/12/23 05:19:56;Inconnu, Seyssinet-Pariset;45.182892;5.69167;16.0;HAUT LE PIED;0;
04/12/23 05:19:57;Inconnu, Seyssinet-Pariset;45.182892;5.69167;;ARRET;4;
04/12/23 05:19:59;Inconnu, Seyssinet-Pariset;45.182892;5.691615;;ARRET;7;
04/12/23 05:20:01;Inconnu, Seyssinet-Pariset;45.182858;5.691543;11.0;HAUT LE PIED;15;
04/12/23 05:20:07;Inconnu, Seyssinet-Pariset;45.182789;5.691385;;ARRET;1;
04/12/23 05:20:23;Inconnu, Seyssinet-Pariset;45.182789;5.691378;;COLLECTE;0;
04/12/23 05:20:25;Inconnu, Seyssinet-Pariset;45.182789;5.691378;;COLLECTE;0;
04/12/23 05:20:30;Inconnu, Seyssinet-Pariset;45.182789;5.691378;;COLLECTE;0;
04/12/23 05:20:32;Inconnu, Seyssinet-Pariset;45.182789;5.691378;;ARRET;0;
04/12/23 05:20:41;Inconnu, Seyssinet-Pariset;45.182789;5.691378;;COLLECTE;0;
04/12/23 05:20:41;Inconnu, Seyssinet-Pariset;45.182789;5.691378;;COLLECTE;0;
04/12/23 05:20:48;Inconnu, Seyssinet-Pariset;45.182789;5.691378;;COLLECTE;0;
04/12/23 05:20:49;Inconnu, Seyssinet-Pariset;45.182789;5.691378;;ARRET;1;
04/12/23 05:20:56;Inconnu, Seyssinet-Pariset;45.182793;5.691372;;ARRET;29;
04/12/23 05:21:06;Inconnu, Seyssinet-Pariset;45.182552;5.691511;16.0;HAUT LE PIED;68;
04/12/23 05:21:19;Inconnu, Seyssinet-Pariset;45.182034;5.691968;;ARRET;6;
04/12/23 05:21:28;Inconnu, Seyssinet-Pariset;45.181984;5.691996;;COLLECTE;0;
04/12/23 05:21:31;Inconnu, Seyssinet-Pariset;45.181984;5.691997;;COLLECTE;0;
04/12/23 05:21:35;Inconnu, Seyssinet-Pariset;45.18198;5.691998;;COLLECTE;0;
04/12/23 05:21:37;Inconnu, Seyssinet-Pariset;45.18198;5.691998;0.0;COLLECTE;0;
04/12/23 05:21:39;Inconnu, Seyssinet-Pariset;45.18198;5.691998;;ARRET;0;
04/12/23 05:21:45;Inconnu, Seyssinet-Pariset;45.18198;5.691998;;COLLECTE;0;
04/12/23 05:21:51;Inconnu, Seyssinet-Pariset;45.18198;5.691998;;ARRET;1;
04/12/23 05:21:58;Inconnu, Seyssinet-Pariset;45.181976;5.692001;;ARRET;25;
04/12/23 05:22:14;Boulevard des Frères Desaire, Seyssinet-Pariset;45.181873;5.691716;14.0;HAUT LE PIED;16;
04/12/23 05:22:17;Boulevard des Frères Desaire, Seyssinet-Pariset;45.182003;5.691628;17.0;HAUT LE PIED;239;
04/12/23 05:22:48;Boulevard des Frères Desaire, Seyssinet-Pariset;45.183922;5.690259;15.0;HAUT LE PIED;20;
04/12/23 05:22:54;Avenue Aristide Bergès, Seyssinet-Pariset;45.184093;5.69017;14.0;HAUT LE PIED;12;
04/12/23 05:22:57;Avenue Aristide Bergès, Seyssinet-Pariset;45.184162;5.69029;15.0;HAUT LE PIED;15;
04/12/23 05:23:00;Avenue Aristide Bergès, Seyssinet-Pariset;45.184151;5.690486;19.0;HAUT LE PIED;17;
04/12/23 05:23:05;Avenue Aristide Bergès, Seyssinet-Pariset;45.184158;5.690699;;ARRET;3;
04/12/23 05:23:16;Avenue Aristide Bergès, Seyssinet-Pariset;45.184166;5.690741;;COLLECTE;0;
04/12/23 05:23:22;Avenue Aristide Bergès, Seyssinet-Pariset;45.184162;5.690742;;COLLECTE;0;
04/12/23 05:23:23;Avenue Aristide Bergès, Seyssinet-Pariset;45.184162;5.690743;;COLLECTE;0;
04/12/23 05:23:29;Avenue Aristide Bergès, Seyssinet-Pariset;45.184162;5.690744;;ARRET;0;
04/12/23 05:23:30;Avenue Aristide Bergès, Seyssinet-Pariset;45.184162;5.690744;0.0;ARRET;0;
04/12/23 05:23:41;Avenue Aristide Bergès, Seyssinet-Pariset;45.184162;5.690746;;COLLECTE;0;
04/12/23 05:23:41;Avenue Aristide Bergès, Seyssinet-Pariset;45.184162;5.690746;;COLLECTE;0;
04/12/23 05:23:48;Avenue Aristide Bergès, Seyssinet-Pariset;45.184162;5.690747;;COLLECTE;0;
04/12/23 05:23:56;Avenue Aristide Bergès, Seyssinet-Pariset;45.184162;5.690747;;COLLECTE;0;
04/12/23 05:24:03;Avenue Aristide Bergès, Seyssinet-Pariset;45.184162;5.690747;;COLLECTE;0;
04/12/23 05:24:08;Avenue Aristide Bergès, Seyssinet-Pariset;45.184162;5.690748;;ARRET;0;
04/12/23 05:24:15;Avenue Aristide Bergès, Seyssinet-Pariset;45.184162;5.690748;;COLLECTE;0;
04/12/23 05:24:15;Avenue Aristide Bergès, Seyssinet-Pariset;45.184162;5.690748;;COLLECTE;0;
04/12/23 05:24:22;Avenue Aristide Bergès, Seyssinet-Pariset;45.184162;5.690749;;COLLECTE;0;
04/12/23 05:24:23;Avenue Aristide Bergès, Seyssinet-Pariset;45.184162;5.690749;;ARRET;1;
04/12/23 05:24:36;Avenue Aristide Bergès, Seyssinet-Pariset;45.184158;5.690766;;COLLECTE;0;
04/12/23 05:24:36;Avenue Aristide Bergès, Seyssinet-Pariset;45.184158;5.690766;;COLLECTE;1;
04/12/23 05:24:45;Avenue Aristide Bergès, Seyssinet-Pariset;45.184155;5.690772;;COLLECTE;0;
04/12/23 05:24:46;Avenue Aristide Bergès, Seyssinet-Pariset;45.184155;5.690772;;ARRET;0;
04/12/23 05:24:51;Avenue Aristide Bergès, Seyssinet-Pariset;45.184158;5.690773;;COLLECTE;0;
04/12/23 05:25:04;Avenue Aristide Bergès, Seyssinet-Pariset;45.184158;5.690776;;ARRET;1;
04/12/23 05:25:10;Avenue Aristide Bergès, Seyssinet-Pariset;45.184166;5.690783;;ARRET;23;
04/12/23 05:25:16;Avenue Aristide Bergès, Seyssinet-Pariset;45.184185;5.69107;22.0;HAUT LE PIED;87;
04/12/23 05:25:28;Avenue Aristide Bergès, Seyssinet-Pariset;45.184338;5.692161;29.0;HAUT LE PIED;37;
04/12/23 05:25:34;Avenue Aristide Bergès, Seyssinet-Pariset;45.184418;5.692618;15.0;HAUT LE PIED;6;
04/12/23 05:25:39;Avenue Aristide Bergès, Seyssinet-Pariset;45.184433;5.692697;;ARRET;3;
04/12/23 05:25:48;Avenue Aristide Bergès, Seyssinet-Pariset;45.18441;5.692717;;COLLECTE;1;
04/12/23 05:25:52;Avenue Aristide Bergès, Seyssinet-Pariset;45.184406;5.69272;;COLLECTE;0;
04/12/23 05:25:55;Avenue Aristide Bergès, Seyssinet-Pariset;45.184406;5.692724;;COLLECTE;0;
04/12/23 05:25:59;Avenue Aristide Bergès, Seyssinet-Pariset;45.184406;5.69273;;ARRET;0;
04/12/23 05:26:04;Avenue Aristide Bergès, Seyssinet-Pariset;45.184406;5.692735;;COLLECTE;0;
04/12/23 05:26:05;Avenue Aristide Bergès, Seyssinet-Pariset;45.184406;5.692737;0.0;COLLECTE;0;
04/12/23 05:26:06;Avenue Aristide Bergès, Seyssinet-Pariset;45.184406;5.692737;;COLLECTE;0;
04/12/23 05:26:11;Avenue Aristide Bergès, Seyssinet-Pariset;45.184406;5.692738;;COLLECTE;0;
04/12/23 05:26:13;Avenue Aristide Bergès, Seyssinet-Pariset;45.184406;5.692738;;ARRET;0;
04/12/23 05:26:20;Avenue Aristide Bergès, Seyssinet-Pariset;45.184406;5.692738;;COLLECTE;0;
04/12/23 05:26:22;Avenue Aristide Bergès, Seyssinet-Pariset;45.184406;5.692738;;COLLECTE;0;
04/12/23 05:26:28;Avenue Aristide Bergès, Seyssinet-Pariset;45.184406;5.692738;;COLLECTE;0;
04/12/23 05:26:29;Avenue Aristide Bergès, Seyssinet-Pariset;45.184406;5.692738;;ARRET;0;
04/12/23 05:26:36;Avenue Aristide Bergès, Seyssinet-Pariset;45.184406;5.692738;;ARRET;25;
04/12/23 05:26:44;Avenue Aristide Bergès, Seyssinet-Pariset;45.18449;5.693038;21.0;HAUT LE PIED;26;
04/12/23 05:26:52;Avenue Aristide Bergès, Seyssinet-Pariset;45.184532;5.693358;;ARRET;1;
04/12/23 05:26:59;Avenue Aristide Bergès, Seyssinet-Pariset;45.18454;5.693356;;COLLECTE;0;
04/12/23 05:26:59;Avenue Aristide Bergès, Seyssinet-Pariset;45.18454;5.693356;;COLLECTE;0;
04/12/23 05:27:07;Avenue Aristide Bergès, Seyssinet-Pariset;45.18454;5.693356;;COLLECTE;0;
04/12/23 05:27:07;Avenue Aristide Bergès, Seyssinet-Pariset;45.18454;5.693356;;ARRET;1;
04/12/23 05:27:13;Avenue Aristide Bergès, Seyssinet-Pariset;45.184544;5.693361;;COLLECTE;0;
04/12/23 05:27:13;Avenue Aristide Bergès, Seyssinet-Pariset;45.184544;5.693361;;COLLECTE;0;
04/12/23 05:27:14;Avenue Aristide Bergès, Seyssinet-Pariset;45.184544;5.693361;0.0;COLLECTE;0;
04/12/23 05:27:21;Avenue Aristide Bergès, Seyssinet-Pariset;45.184544;5.693361;;COLLECTE;0;
04/12/23 05:27:22;Avenue Aristide Bergès, Seyssinet-Pariset;45.184544;5.693361;;ARRET;0;
04/12/23 05:27:26;Avenue Aristide Bergès, Seyssinet-Pariset;45.184544;5.693361;;COLLECTE;0;
04/12/23 05:27:33;Avenue Aristide Bergès, Seyssinet-Pariset;45.184544;5.693362;;ARRET;0;
04/12/23 05:27:36;Avenue Aristide Bergès, Seyssinet-Pariset;45.184544;5.693362;;ARRET;26;
04/12/23 05:27:43;Avenue Aristide Bergès, Seyssinet-Pariset;45.18457;5.693687;11.0;HAUT LE PIED;3;
04/12/23 05:27:46;Avenue Aristide Bergès, Seyssinet-Pariset;45.184574;5.693721;;ARRET;3;
04/12/23 05:27:53;Avenue Aristide Bergès, Seyssinet-Pariset;45.184574;5.693682;;COLLECTE;1;
04/12/23 05:28:00;Avenue Aristide Bergès, Seyssinet-Pariset;45.184566;5.693674;;ARRET;1;
04/12/23 05:28:04;Avenue Aristide Bergès, Seyssinet-Pariset;45.18457;5.693688;;ARRET;37;
04/12/23 05:28:14;Avenue Aristide Bergès, Seyssinet-Pariset;45.184612;5.694159;;ARRET;0;
04/12/23 05:28:15;Avenue Aristide Bergès, Seyssinet-Pariset;45.184612;5.694165;;ARRET;1;
04/12/23 05:28:16;Avenue Aristide Bergès, Seyssinet-Pariset;45.184616;5.694161;;ARRET;1;
04/12/23 05:28:32;Avenue Aristide Bergès, Seyssinet-Pariset;45.184608;5.694151;;COLLECTE;0;
04/12/23 05:28:40;Avenue Aristide Bergès, Seyssinet-Pariset;45.184608;5.694151;;ARRET;0;
04/12/23 05:28:45;Avenue Aristide Bergès, Seyssinet-Pariset;45.184608;5.694152;0.0;ARRET;1;
04/12/23 05:29:03;Avenue Aristide Bergès, Seyssinet-Pariset;45.184612;5.694162;;COLLECTE;1;
04/12/23 05:29:08;Avenue Aristide Bergès, Seyssinet-Pariset;45.184612;5.694169;;ARRET;0;
04/12/23 05:29:10;Avenue Aristide Bergès, Seyssinet-Pariset;45.184612;5.694172;;COLLECTE;0;
04/12/23 05:29:10;Avenue Aristide Bergès, Seyssinet-Pariset;45.184612;5.694172;;COLLECTE;0;
04/12/23 05:29:21;Avenue Aristide Bergès, Seyssinet-Pariset;45.184612;5.694173;;COLLECTE;0;
04/12/23 05:29:21;Avenue Aristide Bergès, Seyssinet-Pariset;45.184612;5.694173;;COLLECTE;0;
04/12/23 05:29:21;Avenue Aristide Bergès, Seyssinet-Pariset;45.184612;5.694173;;COLLECTE;0;
04/12/23 05:29:23;Avenue Aristide Bergès, Seyssinet-Pariset;45.184612;5.694173;;ARRET;0;
04/12/23 05:29:28;Avenue Aristide Bergès, Seyssinet-Pariset;45.184612;5.694173;;COLLECTE;0;
04/12/23 05:29:28;Avenue Aristide Bergès, Seyssinet-Pariset;45.184612;5.694173;;COLLECTE;0;
04/12/23 05:29:39;Avenue Aristide Bergès, Seyssinet-Pariset;45.184612;5.694174;;COLLECTE;0;
04/12/23 05:29:39;Avenue Aristide Bergès, Seyssinet-Pariset;45.184612;5.694174;;COLLECTE;0;
04/12/23 05:29:39;Avenue Aristide Bergès, Seyssinet-Pariset;45.184612;5.694174;;COLLECTE;0;
04/12/23 05:29:41;Avenue Aristide Bergès, Seyssinet-Pariset;45.184612;5.694174;;ARRET;0;
04/12/23 05:29:45;Avenue Aristide Bergès, Seyssinet-Pariset;45.184612;5.694174;;COLLECTE;0;
04/12/23 05:29:45;Avenue Aristide Bergès, Seyssinet-Pariset;45.184612;5.694174;;COLLECTE;0;
04/12/23 05:29:55;Avenue Aristide Bergès, Seyssinet-Pariset;45.184612;5.694174;;COLLECTE;0;
04/12/23 05:29:55;Avenue Aristide Bergès, Seyssinet-Pariset;45.184612;5.694174;;COLLECTE;0;
04/12/23 05:29:55;Avenue Aristide Bergès, Seyssinet-Pariset;45.184612;5.694174;;COLLECTE;0;
04/12/23 05:29:56;Avenue Aristide Bergès, Seyssinet-Pariset;45.184612;5.694174;;ARRET;0;
04/12/23 05:29:59;Avenue Aristide Bergès, Seyssinet-Pariset;45.184612;5.694174;;ARRET;24;
04/12/23 05:30:33;Avenue Aristide Bergès, Seyssinet-Pariset;45.184673;5.694473;12.0;HAUT LE PIED;119;
04/12/23 05:30:58;Mail Vercors, Fontaine;45.184708;5.695988;23.0;HAUT LE PIED;86;
04/12/23 05:31:11;Avenue de la République, Seyssinet-Pariset;45.184673;5.697082;20.0;HAUT LE PIED;18;
04/12/23 05:31:14;Avenue de la République, Seyssinet-Pariset;45.184521;5.697161;27.0;HAUT LE PIED;224;
04/12/23 05:31:42;Avenue de la République, Seyssinet-Pariset;45.18251;5.697079;16.0;HAUT LE PIED;9;
04/12/23 05:31:46;Rue Jean Jaurès, Seyssinet-Pariset;45.182457;5.696997;;ARRET;1;
04/12/23 05:31:54;Rue Jean Jaurès, Seyssinet-Pariset;45.182453;5.696983;;COLLECTE;0;
04/12/23 05:31:55;Rue Jean Jaurès, Seyssinet-Pariset;45.182453;5.696983;;COLLECTE;0;
04/12/23 05:31:55;Rue Jean Jaurès, Seyssinet-Pariset;45.182453;5.696983;;COLLECTE;0;
04/12/23 05:31:55;Rue Jean Jaurès, Seyssinet-Pariset;45.182453;5.696983;;COLLECTE;1;
04/12/23 05:32:06;Rue Jean Jaurès, Seyssinet-Pariset;45.182449;5.696977;;COLLECTE;0;
04/12/23 05:32:06;Rue Jean Jaurès, Seyssinet-Pariset;45.182449;5.696977;;COLLECTE;0;
04/12/23 05:32:06;Rue Jean Jaurès, Seyssinet-Pariset;45.182449;5.696977;;COLLECTE;0;
04/12/23 05:32:08;Rue Jean Jaurès, Seyssinet-Pariset;45.182453;5.696979;;ARRET;1;
04/12/23 05:32:12;Rue Jean Jaurès, Seyssinet-Pariset;45.182453;5.696963;;ARRET;5;
04/12/23 05:32:13;Rue Jean Jaurès, Seyssinet-Pariset;45.182457;5.696904;0.0;ARRET;153;
04/12/23 05:32:41;Rue Laurent Darve, Seyssinet-Pariset;45.182671;5.694981;11.0;HAUT LE PIED;11;
04/12/23 05:32:44;Rue Laurent Darve, Seyssinet-Pariset;45.182774;5.694984;13.0;HAUT LE PIED;11;
04/12/23 05:32:49;Rue Laurent Darve, Seyssinet-Pariset;45.182873;5.695009;;ARRET;4;
04/12/23 05:32:59;Rue Laurent Darve, Seyssinet-Pariset;45.182907;5.695027;;COLLECTE;0;
04/12/23 05:33:13;Rue Laurent Darve, Seyssinet-Pariset;45.182907;5.695026;;ARRET;0;
04/12/23 05:33:14;Rue Laurent Darve, Seyssinet-Pariset;45.182907;5.695026;0.0;ARRET;2;
04/12/23 05:33:19;Rue Laurent Darve, Seyssinet-Pariset;45.182922;5.69503;;ARRET;26;
04/12/23 05:33:30;Rue Laurent Darve, Seyssinet-Pariset;45.183155;5.695056;;ARRET;3;
04/12/23 05:33:46;Rue Laurent Darve, Seyssinet-Pariset;45.18317;5.695026;;COLLECTE;0;
04/12/23 05:33:47;Rue Laurent Darve, Seyssinet-Pariset;45.18317;5.695026;;COLLECTE;0;
04/12/23 05:33:54;Rue Laurent Darve, Seyssinet-Pariset;45.18317;5.695026;;COLLECTE;0;
04/12/23 05:33:56;Rue Laurent Darve, Seyssinet-Pariset;45.18317;5.695026;;ARRET;0;
04/12/23 05:34:00;Rue Laurent Darve, Seyssinet-Pariset;45.183174;5.695027;;ARRET;3;
04/12/23 05:34:01;Rue Laurent Darve, Seyssinet-Pariset;45.183197;5.695028;8.0;HAUT LE PIED;83;
04/12/23 05:34:19;Rue Laurent Darve, Seyssinet-Pariset;45.183937;5.695115;;ARRET;1;
04/12/23 05:34:25;Rue Laurent Darve, Seyssinet-Pariset;45.183941;5.695107;;COLLECTE;1;
04/12/23 05:34:32;Rue Laurent Darve, Seyssinet-Pariset;45.183937;5.695101;;ARRET;0;
04/12/23 05:34:45;Rue Laurent Darve, Seyssinet-Pariset;45.183937;5.695101;;ARRET;61;
04/12/23 05:35:02;Rue Laurent Darve, Seyssinet-Pariset;45.184483;5.695185;12.0;HAUT LE PIED;13;
04/12/23 05:35:08;Rue Laurent Darve, Seyssinet-Pariset;45.184601;5.695171;;ARRET;1;
04/12/23 05:35:16;Rue Laurent Darve, Seyssinet-Pariset;45.184608;5.69518;;COLLECTE;1;
04/12/23 05:35:23;Rue Laurent Darve, Seyssinet-Pariset;45.184616;5.695181;;ARRET;0;
04/12/23 05:35:33;Rue Laurent Darve, Seyssinet-Pariset;45.184616;5.695181;0.0;ARRET;25;
04/12/23 05:35:51;Inconnu, Seyssinet-Pariset;45.184742;5.694917;10.0;HAUT LE PIED;141;
04/12/23 05:36:21;Avenue Aristide Bergès, Seyssinet-Pariset;45.184555;5.693136;37.0;HAUT LE PIED;202;
04/12/23 05:36:39;Avenue Aristide Bergès, Seyssinet-Pariset;45.18417;5.690623;32.0;HAUT LE PIED;22;
04/12/23 05:37:10;Avenue Aristide Bergès, Seyssinet-Pariset;45.184155;5.690349;0.0;ARRET;26;
04/12/23 05:37:24;Boulevard des Frères Desaire, Seyssinet-Pariset;45.184135;5.690025;16.0;HAUT LE PIED;21;
04/12/23 05:37:31;Inconnu, Seyssinet-Pariset;45.184097;5.689769;9.0;HAUT LE PIED;12;
04/12/23 05:37:34;Inconnu, Seyssinet-Pariset;45.183994;5.689729;16.0;HAUT LE PIED;19;
04/12/23 05:37:41;Boulevard des Frères Desaire, Seyssinet-Pariset;45.183861;5.689884;8.0;HAUT LE PIED;10;
04/12/23 05:37:45;Boulevard des Frères Desaire, Seyssinet-Pariset;45.183838;5.690012;10.0;HAUT LE PIED;10;
04/12/23 05:37:48;Boulevard des Frères Desaire, Seyssinet-Pariset;45.183762;5.69007;10.0;HAUT LE PIED;59;
04/12/23 05:38:06;Boulevard des Frères Desaire, Seyssinet-Pariset;45.183289;5.690423;19.0;HAUT LE PIED;16;
04/12/23 05:38:09;Boulevard des Frères Desaire, Seyssinet-Pariset;45.183174;5.690543;17.0;HAUT LE PIED;16;
04/12/23 05:38:39;Boulevard des Frères Desaire, Seyssinet-Pariset;45.183037;5.69061;;COLLECTE;0;
04/12/23 05:38:40;Boulevard des Frères Desaire, Seyssinet-Pariset;45.183037;5.690613;0.0;COLLECTE;1;
04/12/23 05:38:46;Boulevard des Frères Desaire, Seyssinet-Pariset;45.183033;5.690618;;ARRET;0;
04/12/23 05:38:50;Boulevard des Frères Desaire, Seyssinet-Pariset;45.183029;5.690619;;ARRET;26;
04/12/23 05:39:00;Boulevard des Frères Desaire, Seyssinet-Pariset;45.182827;5.69079;;ARRET;2;
04/12/23 05:39:08;Boulevard des Frères Desaire, Seyssinet-Pariset;45.182842;5.690801;;COLLECTE;0;
04/12/23 05:39:15;Boulevard des Frères Desaire, Seyssinet-Pariset;45.182842;5.690802;;ARRET;1;
04/12/23 05:39:18;Boulevard des Frères Desaire, Seyssinet-Pariset;45.182831;5.690812;6.0;HAUT LE PIED;0;
04/12/23 05:39:19;Boulevard des Frères Desaire, Seyssinet-Pariset;45.182831;5.690812;;ARRET;11;
04/12/23 05:39:22;Boulevard des Frères Desaire, Seyssinet-Pariset;45.182743;5.690872;9.0;HAUT LE PIED;9;
04/12/23 05:39:25;Rue Jean-Jacques Rousseau, Seyssinet-Pariset;45.182667;5.69082;11.0;HAUT LE PIED;12;
04/12/23 05:39:29;Rue Jean-Jacques Rousseau, Seyssinet-Pariset;45.182636;5.690674;15.0;HAUT LE PIED;26;
04/12/23 05:39:34;Rue Jean-Jacques Rousseau, Seyssinet-Pariset;45.182587;5.690351;;ARRET;3;
04/12/23 05:39:36;Rue Jean-Jacques Rousseau, Seyssinet-Pariset;45.182583;5.690314;;ARRET;41;
04/12/23 05:39:49;Rue Jean-Jacques Rousseau, Seyssinet-Pariset;45.182457;5.689828;;ARRET;0;
04/12/23 05:39:57;Rue Jean-Jacques Rousseau, Seyssinet-Pariset;45.182453;5.689827;;COLLECTE;0;
04/12/23 05:39:57;Rue Jean-Jacques Rousseau, Seyssinet-Pariset;45.182453;5.689827;;COLLECTE;0;
04/12/23 05:39:59;Rue Jean-Jacques Rousseau, Seyssinet-Pariset;45.182453;5.689825;0.0;COLLECTE;0;
04/12/23 05:40:08;Rue Jean-Jacques Rousseau, Seyssinet-Pariset;45.182453;5.689821;;COLLECTE;0;
04/12/23 05:40:08;Rue Jean-Jacques Rousseau, Seyssinet-Pariset;45.182453;5.689821;;COLLECTE;0;
04/12/23 05:40:08;Rue Jean-Jacques Rousseau, Seyssinet-Pariset;45.182453;5.689821;;COLLECTE;0;
04/12/23 05:40:09;Rue Jean-Jacques Rousseau, Seyssinet-Pariset;45.182453;5.689821;;ARRET;2;
04/12/23 05:40:14;Rue Jean-Jacques Rousseau, Seyssinet-Pariset;45.182446;5.689795;;ARRET;23;
04/12/23 05:40:20;Rue Jean-Jacques Rousseau, Seyssinet-Pariset;45.182354;5.689526;12.0;HAUT LE PIED;3;
04/12/23 05:40:22;Rue Jean-Jacques Rousseau, Seyssinet-Pariset;45.182343;5.689496;;ARRET;1;
04/12/23 05:40:31;Rue Jean-Jacques Rousseau, Seyssinet-Pariset;45.18235;5.68948;;COLLECTE;0;
04/12/23 05:40:31;Rue Jean-Jacques Rousseau, Seyssinet-Pariset;45.18235;5.68948;;COLLECTE;1;
04/12/23 05:40:39;Rue Jean-Jacques Rousseau, Seyssinet-Pariset;45.182362;5.689485;;COLLECTE;0;
04/12/23 05:40:39;Rue Jean-Jacques Rousseau, Seyssinet-Pariset;45.182362;5.689485;;ARRET;0;
04/12/23 05:40:45;Rue Jean-Jacques Rousseau, Seyssinet-Pariset;45.182362;5.689482;;COLLECTE;0;
04/12/23 05:40:47;Rue Jean-Jacques Rousseau, Seyssinet-Pariset;45.182362;5.689481;;COLLECTE;0;
04/12/23 05:40:50;Rue Jean-Jacques Rousseau, Seyssinet-Pariset;45.182365;5.689478;0.0;COLLECTE;0;
04/12/23 05:40:52;Rue Jean-Jacques Rousseau, Seyssinet-Pariset;45.182365;5.689477;;COLLECTE;0;
04/12/23 05:40:54;Rue Jean-Jacques Rousseau, Seyssinet-Pariset;45.182365;5.689477;;ARRET;0;
04/12/23 05:40:59;Rue Jean-Jacques Rousseau, Seyssinet-Pariset;45.182365;5.689477;;ARRET;26;
04/12/23 05:41:07;Rue Jean-Jacques Rousseau, Seyssinet-Pariset;45.182278;5.689175;18.0;HAUT LE PIED;40;
04/12/23 05:41:16;Rue Jean-Jacques Rousseau, Seyssinet-Pariset;45.182159;5.688692;;ARRET;4;
04/12/23 05:41:26;Rue Jean-Jacques Rousseau, Seyssinet-Pariset;45.182144;5.68865;;COLLECTE;0;
04/12/23 05:41:33;Rue Jean-Jacques Rousseau, Seyssinet-Pariset;45.18214;5.688652;;ARRET;0;
04/12/23 05:41:33;Rue Jean-Jacques Rousseau, Seyssinet-Pariset;45.18214;5.688652;;COLLECTE;0;
04/12/23 05:41:38;Rue Jean-Jacques Rousseau, Seyssinet-Pariset;45.18214;5.688652;6.0;HAUT LE PIED;0;
04/12/23 05:41:41;Rue Jean-Jacques Rousseau, Seyssinet-Pariset;45.18214;5.688652;;ARRET;1;
04/12/23 05:41:45;Rue Jean-Jacques Rousseau, Seyssinet-Pariset;45.18214;5.688645;;ARRET;24;
04/12/23 05:41:55;Rue Jean-Jacques Rousseau, Seyssinet-Pariset;45.182064;5.688352;16.0;HAUT LE PIED;49;
04/12/23 05:42:05;Rue Jean-Jacques Rousseau, Seyssinet-Pariset;45.181965;5.687749;12.0;HAUT LE PIED;7;
04/12/23 05:42:10;Avenue du Vercors, Seyssinet-Pariset;45.182018;5.687711;;ARRET;3;
04/12/23 05:42:20;Avenue du Vercors, Seyssinet-Pariset;45.182045;5.687727;;COLLECTE;0;
04/12/23 05:42:27;Avenue du Vercors, Seyssinet-Pariset;45.182049;5.687725;;ARRET;0;
04/12/23 05:42:31;Avenue du Vercors, Seyssinet-Pariset;45.182053;5.687726;;ARRET;20;
04/12/23 05:42:36;Avenue du Vercors, Seyssinet-Pariset;45.182217;5.687819;19.0;HAUT LE PIED;139;
04/12/23 05:42:58;Avenue du Vercors, Seyssinet-Pariset;45.183395;5.688413;;ARRET;3;
04/12/23 05:43:04;Avenue du Vercors, Seyssinet-Pariset;45.183365;5.688406;;COLLECTE;2;
04/12/23 05:43:07;Avenue du Vercors, Seyssinet-Pariset;45.183346;5.688407;0.0;COLLECTE;0;
04/12/23 05:43:11;Avenue du Vercors, Seyssinet-Pariset;45.183346;5.688406;;ARRET;0;
04/12/23 05:43:15;Avenue du Vercors, Seyssinet-Pariset;45.183346;5.688406;;ARRET;26;
04/12/23 05:43:22;Avenue du Vercors, Seyssinet-Pariset;45.183571;5.688505;18.0;HAUT LE PIED;25;
04/12/23 05:43:26;Avenue du Vercors, Seyssinet-Pariset;45.183762;5.688678;23.0;HAUT LE PIED;45;
04/12/23 05:43:33;Avenue du Vercors, Seyssinet-Pariset;45.184029;5.68911;11.0;HAUT LE PIED;0;
04/12/23 05:43:34;Avenue du Vercors, Seyssinet-Pariset;45.184029;5.68911;;ARRET;0;
04/12/23 05:43:40;Avenue du Vercors, Seyssinet-Pariset;45.184032;5.689109;;COLLECTE;1;
04/12/23 05:43:47;Avenue du Vercors, Seyssinet-Pariset;45.184036;5.689121;;ARRET;0;
04/12/23 05:43:50;Avenue du Vercors, Seyssinet-Pariset;45.184036;5.689122;;ARRET;30;
04/12/23 05:43:59;Avenue du Vercors, Seyssinet-Pariset;45.184059;5.689498;16.0;HAUT LE PIED;12;
04/12/23 05:44:03;Avenue du Vercors, Seyssinet-Pariset;45.184059;5.689648;;ARRET;2;
04/12/23 05:44:04;Avenue du Vercors, Seyssinet-Pariset;45.184059;5.689676;;ARRET;1;
04/12/23 05:44:06;Avenue du Vercors, Seyssinet-Pariset;45.184059;5.689666;;ARRET;1;
04/12/23 05:44:15;Avenue du Vercors, Seyssinet-Pariset;45.184055;5.68967;;ARRET;1;
04/12/23 05:44:29;Avenue du Vercors, Seyssinet-Pariset;45.184052;5.689682;0.0;ARRET;27;
04/12/23 05:44:54;Boulevard des Frères Desaire, Seyssinet-Pariset;45.183857;5.689879;14.0;HAUT LE PIED;14;
04/12/23 05:44:57;Rue Voltaire, Seyssinet-Pariset;45.183739;5.689818;15.0;HAUT LE PIED;60;
04/12/23 05:45:13;Rue Voltaire, Seyssinet-Pariset;45.183239;5.68952;;ARRET;1;
04/12/23 05:45:21;Rue Voltaire, Seyssinet-Pariset;45.183235;5.689515;;COLLECTE;1;
04/12/23 05:45:27;Rue Voltaire, Seyssinet-Pariset;45.183239;5.689511;0.0;COLLECTE;0;
04/12/23 05:45:28;Rue Voltaire, Seyssinet-Pariset;45.183239;5.689511;;ARRET;0;
04/12/23 05:45:33;Rue Voltaire, Seyssinet-Pariset;45.183235;5.689509;;ARRET;26;
04/12/23 05:45:39;Rue Voltaire, Seyssinet-Pariset;45.183018;5.689378;19.0;HAUT LE PIED;25;
04/12/23 05:45:46;Rue Voltaire, Seyssinet-Pariset;45.182796;5.689307;;ARRET;2;
04/12/23 05:46:06;Rue Voltaire, Seyssinet-Pariset;45.182796;5.689283;;COLLECTE;0;
04/12/23 05:46:09;Rue Voltaire, Seyssinet-Pariset;45.182796;5.689283;0.0;COLLECTE;0;
04/12/23 05:46:13;Rue Voltaire, Seyssinet-Pariset;45.182796;5.689283;;COLLECTE;0;
04/12/23 05:46:14;Rue Voltaire, Seyssinet-Pariset;45.182796;5.689283;;COLLECTE;0;
04/12/23 05:46:21;Rue Voltaire, Seyssinet-Pariset;45.182796;5.689283;;ARRET;1;
04/12/23 05:46:28;Rue Voltaire, Seyssinet-Pariset;45.182785;5.689281;;ARRET;25;
04/12/23 05:46:34;Rue Voltaire, Seyssinet-Pariset;45.182579;5.689168;15.0;HAUT LE PIED;46;
04/12/23 05:46:43;Rue Jean-Jacques Rousseau, Seyssinet-Pariset;45.182205;5.688912;16.0;HAUT LE PIED;88;
04/12/23 05:46:55;Rue Jean-Jacques Rousseau, Seyssinet-Pariset;45.181965;5.687843;24.0;HAUT LE PIED;17;
04/12/23 05:47:00;Avenue du Vercors, Seyssinet-Pariset;45.181931;5.687637;13.0;HAUT LE PIED;14;
04/12/23 05:47:02;Avenue du Vercors, Seyssinet-Pariset;45.181828;5.687546;17.0;HAUT LE PIED;23;
04/12/23 05:47:06;Avenue du Vercors, Seyssinet-Pariset;45.181622;5.68748;26.0;HAUT LE PIED;31;
04/12/23 05:47:15;Avenue du Vercors, Seyssinet-Pariset;45.181347;5.687444;;ARRET;0;
04/12/23 05:47:22;Avenue du Vercors, Seyssinet-Pariset;45.181343;5.687445;;COLLECTE;0;
04/12/23 05:47:29;Avenue du Vercors, Seyssinet-Pariset;45.181343;5.687445;;ARRET;0;
04/12/23 05:47:32;Avenue du Vercors, Seyssinet-Pariset;45.181343;5.687445;;ARRET;7;
04/12/23 05:47:36;Avenue du Vercors, Seyssinet-Pariset;45.181278;5.687436;10.0;HAUT LE PIED;26;
04/12/23 05:47:42;Avenue du Vercors, Seyssinet-Pariset;45.181042;5.687436;17.0;HAUT LE PIED;13;
04/12/23 05:47:45;Avenue du Vercors, Seyssinet-Pariset;45.180923;5.687439;15.0;HAUT LE PIED;5;
04/12/23 05:47:48;Avenue du Vercors, Seyssinet-Pariset;45.180882;5.687446;;ARRET;0;
04/12/23 05:47:57;Avenue du Vercors, Seyssinet-Pariset;45.180885;5.687447;;COLLECTE;0;
04/12/23 05:47:58;Avenue du Vercors, Seyssinet-Pariset;45.180885;5.687447;;COLLECTE;0;
04/12/23 05:48:03;Avenue du Vercors, Seyssinet-Pariset;45.180885;5.687446;;COLLECTE;0;
04/12/23 05:48:03;Avenue du Vercors, Seyssinet-Pariset;45.180885;5.687446;;ARRET;3;
04/12/23 05:48:09;Avenue du Vercors, Seyssinet-Pariset;45.180862;5.687445;;ARRET;33;
04/12/23 05:48:16;Avenue du Vercors, Seyssinet-Pariset;45.180565;5.687468;20.0;HAUT LE PIED;38;
04/12/23 05:48:23;Rue du Moucherotte, Seyssinet-Pariset;45.180225;5.687534;12.0;HAUT LE PIED;15;
04/12/23 05:48:26;Rue du Moucherotte, Seyssinet-Pariset;45.180176;5.687715;20.0;HAUT LE PIED;23;
04/12/23 05:48:33;Rue du Moucherotte, Seyssinet-Pariset;45.180206;5.688009;;ARRET;2;
04/12/23 05:48:43;Rue du Moucherotte, Seyssinet-Pariset;45.180225;5.688017;;COLLECTE;0;
04/12/23 05:48:50;Rue du Moucherotte, Seyssinet-Pariset;45.180225;5.688019;;ARRET;1;
04/12/23 05:48:54;Rue du Moucherotte, Seyssinet-Pariset;45.180229;5.688029;;ARRET;4;
04/12/23 05:48:55;Rue du Moucherotte, Seyssinet-Pariset;45.180244;5.688076;9.0;HAUT LE PIED;12;
04/12/23 05:48:58;Rue du Moucherotte, Seyssinet-Pariset;45.18026;5.688226;15.0;HAUT LE PIED;20;
04/12/23 05:49:02;Rue du Moucherotte, Seyssinet-Pariset;45.180264;5.688478;15.0;HAUT LE PIED;6;
04/12/23 05:49:05;Rue du Moucherotte, Seyssinet-Pariset;45.180275;5.688558;;ARRET;21;
04/12/23 05:49:12;Rue du Moucherotte, Seyssinet-Pariset;45.180351;5.688798;13.0;HAUT LE PIED;6;
04/12/23 05:49:24;Rue du Moucherotte, Seyssinet-Pariset;45.180382;5.688864;;COLLECTE;1;
04/12/23 05:49:27;Rue du Moucherotte, Seyssinet-Pariset;45.180386;5.688861;;COLLECTE;0;
04/12/23 05:49:31;Rue du Moucherotte, Seyssinet-Pariset;45.180386;5.688859;;COLLECTE;0;
04/12/23 05:49:34;Rue du Moucherotte, Seyssinet-Pariset;45.180386;5.688859;;ARRET;0;
04/12/23 05:49:38;Rue du Moucherotte, Seyssinet-Pariset;45.180386;5.688859;;COLLECTE;0;
04/12/23 05:49:39;Rue du Moucherotte, Seyssinet-Pariset;45.180386;5.688859;;COLLECTE;0;
04/12/23 05:49:43;Rue du Moucherotte, Seyssinet-Pariset;45.180386;5.688859;0.0;COLLECTE;0;
04/12/23 05:49:46;Rue du Moucherotte, Seyssinet-Pariset;45.180386;5.688859;;COLLECTE;0;
04/12/23 05:49:47;Rue du Moucherotte, Seyssinet-Pariset;45.180386;5.688859;;ARRET;0;
04/12/23 05:49:56;Rue du Moucherotte, Seyssinet-Pariset;45.180386;5.688859;;COLLECTE;0;
04/12/23 05:49:57;Rue du Moucherotte, Seyssinet-Pariset;45.180386;5.688859;;COLLECTE;0;
04/12/23 05:50:01;Rue du Moucherotte, Seyssinet-Pariset;45.180386;5.688859;;COLLECTE;0;
04/12/23 05:50:05;Rue du Moucherotte, Seyssinet-Pariset;45.180386;5.688859;;ARRET;0;
04/12/23 05:50:06;Rue du Moucherotte, Seyssinet-Pariset;45.180386;5.688859;;COLLECTE;0;
04/12/23 05:50:10;Rue du Moucherotte, Seyssinet-Pariset;45.180386;5.688859;;ARRET;0;
04/12/23 05:50:16;Rue du Moucherotte, Seyssinet-Pariset;45.180386;5.688859;;COLLECTE;0;
04/12/23 05:50:16;Rue du Moucherotte, Seyssinet-Pariset;45.180386;5.688859;;COLLECTE;0;
04/12/23 05:50:23;Rue du Moucherotte, Seyssinet-Pariset;45.180386;5.688859;;COLLECTE;0;
04/12/23 05:50:24;Rue du Moucherotte, Seyssinet-Pariset;45.180386;5.688859;;ARRET;0;
04/12/23 05:50:28;Rue du Moucherotte, Seyssinet-Pariset;45.180386;5.688859;;COLLECTE;0;
04/12/23 05:50:29;Rue du Moucherotte, Seyssinet-Pariset;45.180386;5.688859;;COLLECTE;0;
04/12/23 05:50:37;Rue du Moucherotte, Seyssinet-Pariset;45.180386;5.688859;;COLLECTE;0;
04/12/23 05:50:37;Rue du Moucherotte, Seyssinet-Pariset;45.180386;5.688859;;ARRET;0;
04/12/23 05:50:41;Rue du Moucherotte, Seyssinet-Pariset;45.180386;5.688859;;COLLECTE;0;
04/12/23 05:50:42;Rue du Moucherotte, Seyssinet-Pariset;45.180386;5.688859;;COLLECTE;0;
04/12/23 05:50:49;Rue du Moucherotte, Seyssinet-Pariset;45.180386;5.688859;;COLLECTE;0;
04/12/23 05:50:50;Rue du Moucherotte, Seyssinet-Pariset;45.180386;5.688859;;ARRET;0;
04/12/23 05:50:54;Rue du Moucherotte, Seyssinet-Pariset;45.180386;5.688859;;COLLECTE;0;
04/12/23 05:50:55;Rue du Moucherotte, Seyssinet-Pariset;45.180386;5.688859;;COLLECTE;0;
04/12/23 05:50:55;Rue du Moucherotte, Seyssinet-Pariset;45.180386;5.688859;;COLLECTE;0;
04/12/23 05:50:55;Rue du Moucherotte, Seyssinet-Pariset;45.180386;5.688859;;COLLECTE;0;
04/12/23 05:51:05;Rue du Moucherotte, Seyssinet-Pariset;45.180386;5.688859;;COLLECTE;0;
04/12/23 05:51:05;Rue du Moucherotte, Seyssinet-Pariset;45.180386;5.688859;;COLLECTE;0;
04/12/23 05:51:05;Rue du Moucherotte, Seyssinet-Pariset;45.180386;5.688859;;COLLECTE;0;
04/12/23 05:51:07;Rue du Moucherotte, Seyssinet-Pariset;45.180386;5.688859;;ARRET;0;
04/12/23 05:51:14;Rue du Moucherotte, Seyssinet-Pariset;45.180386;5.688859;;COLLECTE;0;
04/12/23 05:51:15;Rue du Moucherotte, Seyssinet-Pariset;45.180386;5.688859;;ARRET;0;
04/12/23 05:51:15;Rue du Moucherotte, Seyssinet-Pariset;45.180386;5.688859;;COLLECTE;0;
04/12/23 05:51:15;Rue du Moucherotte, Seyssinet-Pariset;45.180386;5.688859;;COLLECTE;0;
04/12/23 05:51:25;Rue du Moucherotte, Seyssinet-Pariset;45.180386;5.688859;;COLLECTE;0;
04/12/23 05:51:25;Rue du Moucherotte, Seyssinet-Pariset;45.180386;5.688859;;COLLECTE;0;
04/12/23 05:51:25;Rue du Moucherotte, Seyssinet-Pariset;45.180386;5.688859;;COLLECTE;0;
04/12/23 05:51:27;Rue du Moucherotte, Seyssinet-Pariset;45.180386;5.688859;;ARRET;0;
04/12/23 05:51:35;Rue du Moucherotte, Seyssinet-Pariset;45.180386;5.688859;;COLLECTE;0;
04/12/23 05:51:37;Rue du Moucherotte, Seyssinet-Pariset;45.180386;5.688859;;COLLECTE;0;
04/12/23 05:51:37;Rue du Moucherotte, Seyssinet-Pariset;45.180386;5.688859;;COLLECTE;0;
04/12/23 05:51:37;Rue du Moucherotte, Seyssinet-Pariset;45.180386;5.688859;;COLLECTE;0;
04/12/23 05:51:47;Rue du Moucherotte, Seyssinet-Pariset;45.180386;5.68886;;COLLECTE;0;
04/12/23 05:51:47;Rue du Moucherotte, Seyssinet-Pariset;45.180386;5.68886;;COLLECTE;0;
04/12/23 05:51:47;Rue du Moucherotte, Seyssinet-Pariset;45.180386;5.68886;;COLLECTE;0;
04/12/23 05:51:49;Rue du Moucherotte, Seyssinet-Pariset;45.180386;5.68886;;ARRET;1;
04/12/23 05:51:55;Rue du Moucherotte, Seyssinet-Pariset;45.180389;5.688872;;ARRET;26;
04/12/23 05:52:01;Rue du Moucherotte, Seyssinet-Pariset;45.180515;5.689153;17.0;HAUT LE PIED;9;
04/12/23 05:52:05;Rue du Moucherotte, Seyssinet-Pariset;45.180576;5.68922;;ARRET;1;
04/12/23 05:52:13;Rue du Moucherotte, Seyssinet-Pariset;45.180576;5.689213;;COLLECTE;0;
04/12/23 05:52:13;Rue du Moucherotte, Seyssinet-Pariset;45.180576;5.689213;;COLLECTE;1;
04/12/23 05:52:24;Rue du Moucherotte, Seyssinet-Pariset;45.180576;5.689198;;COLLECTE;0;
04/12/23 05:52:24;Rue du Moucherotte, Seyssinet-Pariset;45.180576;5.689198;;COLLECTE;0;
04/12/23 05:52:24;Rue du Moucherotte, Seyssinet-Pariset;45.180576;5.689198;;COLLECTE;0;
04/12/23 05:52:25;Rue du Moucherotte, Seyssinet-Pariset;45.180576;5.689198;;ARRET;0;
04/12/23 05:52:27;Rue du Moucherotte, Seyssinet-Pariset;45.180576;5.689198;;ARRET;2;
04/12/23 05:52:31;Rue du Moucherotte, Seyssinet-Pariset;45.180588;5.689217;0.0;ARRET;27;
04/12/23 05:52:38;Rue Lafontaine, Seyssinet-Pariset;45.180805;5.689384;15.0;HAUT LE PIED;55;
04/12/23 05:52:50;Rue Lafontaine, Seyssinet-Pariset;45.181286;5.689251;;ARRET;2;
04/12/23 05:52:56;Rue Lafontaine, Seyssinet-Pariset;45.181305;5.689252;;COLLECTE;0;
04/12/23 05:52:56;Rue Lafontaine, Seyssinet-Pariset;45.181305;5.689252;;COLLECTE;1;
04/12/23 05:53:03;Rue Lafontaine, Seyssinet-Pariset;45.181313;5.689241;;COLLECTE;0;
04/12/23 05:53:04;Rue Lafontaine, Seyssinet-Pariset;45.181313;5.689241;;ARRET;0;
04/12/23 05:53:08;Rue Lafontaine, Seyssinet-Pariset;45.181313;5.689239;;ARRET;100;
04/12/23 05:53:26;Rue Lafontaine, Seyssinet-Pariset;45.182201;5.689069;16.0;HAUT LE PIED;13;
04/12/23 05:53:29;Rue Jean-Jacques Rousseau, Seyssinet-Pariset;45.182293;5.689166;17.0;HAUT LE PIED;144;
04/12/23 05:53:51;Boulevard des Frères Desaire, Seyssinet-Pariset;45.182724;5.690904;9.0;HAUT LE PIED;11;
04/12/23 05:53:54;Boulevard des Frères Desaire, Seyssinet-Pariset;45.182632;5.690962;10.0;HAUT LE PIED;48;
04/12/23 05:54:05;Boulevard des Frères Desaire, Seyssinet-Pariset;45.18224;5.691212;;ARRET;2;
04/12/23 05:54:16;Boulevard des Frères Desaire, Seyssinet-Pariset;45.18222;5.691212;;COLLECTE;0;
04/12/23 05:54:16;Boulevard des Frères Desaire, Seyssinet-Pariset;45.18222;5.691212;;COLLECTE;1;
04/12/23 05:54:25;Boulevard des Frères Desaire, Seyssinet-Pariset;45.182217;5.691202;0.0;COLLECTE;0;
04/12/23 05:54:26;Boulevard des Frères Desaire, Seyssinet-Pariset;45.182217;5.691202;;COLLECTE;0;
04/12/23 05:54:26;Boulevard des Frères Desaire, Seyssinet-Pariset;45.182217;5.691202;;ARRET;8;
04/12/23 05:54:41;Boulevard des Frères Desaire, Seyssinet-Pariset;45.182148;5.691245;;COLLECTE;0;
04/12/23 05:54:42;Boulevard des Frères Desaire, Seyssinet-Pariset;45.182144;5.691246;;COLLECTE;0;
04/12/23 05:54:42;Boulevard des Frères Desaire, Seyssinet-Pariset;45.182144;5.691246;;COLLECTE;0;
04/12/23 05:54:42;Boulevard des Frères Desaire, Seyssinet-Pariset;45.182144;5.691246;;COLLECTE;1;
04/12/23 05:54:52;Boulevard des Frères Desaire, Seyssinet-Pariset;45.182137;5.691249;;COLLECTE;0;
04/12/23 05:54:53;Boulevard des Frères Desaire, Seyssinet-Pariset;45.182137;5.691249;;COLLECTE;0;
04/12/23 05:54:53;Boulevard des Frères Desaire, Seyssinet-Pariset;45.182137;5.691249;;COLLECTE;0;
04/12/23 05:54:54;Boulevard des Frères Desaire, Seyssinet-Pariset;45.182137;5.691249;;ARRET;0;
04/12/23 05:54:56;Boulevard des Frères Desaire, Seyssinet-Pariset;45.182137;5.691249;;ARRET;17;
04/12/23 05:55:03;Boulevard des Frères Desaire, Seyssinet-Pariset;45.182011;5.691368;14.0;HAUT LE PIED;102;
04/12/23 05:55:18;Boulevard des Frères Desaire, Seyssinet-Pariset;45.181293;5.692176;22.0;HAUT LE PIED;11;
04/12/23 05:55:21;Boulevard des Frères Desaire, Seyssinet-Pariset;45.181198;5.692223;11.0;HAUT LE PIED;10;
04/12/23 05:55:24;Rue du Moucherotte, Seyssinet-Pariset;45.181145;5.692125;13.0;HAUT LE PIED;16;
04/12/23 05:55:28;Rue du Moucherotte, Seyssinet-Pariset;45.181122;5.691926;19.0;HAUT LE PIED;20;
04/12/23 05:55:33;Rue du Moucherotte, Seyssinet-Pariset;45.181046;5.691693;17.0;HAUT LE PIED;12;
04/12/23 05:55:35;Rue de Pacalaire, Seyssinet-Pariset;45.180943;5.691649;18.0;HAUT LE PIED;21;
04/12/23 05:55:39;Rue de Pacalaire, Seyssinet-Pariset;45.180752;5.691655;21.0;HAUT LE PIED;12;
04/12/23 05:55:44;Rue de Pacalaire, Seyssinet-Pariset;45.180641;5.691658;;ARRET;3;
04/12/23 05:55:53;Rue de Pacalaire, Seyssinet-Pariset;45.180618;5.691669;;ARRET;32;
04/12/23 05:56:04;Rue de Pacalaire, Seyssinet-Pariset;45.180332;5.69165;13.0;HAUT LE PIED;8;
04/12/23 05:56:09;Rue de Pacalaire, Seyssinet-Pariset;45.180271;5.691712;;ARRET;2;
04/12/23 05:56:15;Rue de Pacalaire, Seyssinet-Pariset;45.180283;5.691738;;COLLECTE;0;
04/12/23 05:56:16;Rue de Pacalaire, Seyssinet-Pariset;45.180283;5.691739;;COLLECTE;0;
04/12/23 05:56:16;Rue de Pacalaire, Seyssinet-Pariset;45.180283;5.691739;;COLLECTE;0;
04/12/23 05:56:16;Rue de Pacalaire, Seyssinet-Pariset;45.180283;5.691739;;COLLECTE;0;
04/12/23 05:56:26;Rue de Pacalaire, Seyssinet-Pariset;45.180279;5.69174;;COLLECTE;0;
04/12/23 05:56:26;Rue de Pacalaire, Seyssinet-Pariset;45.180279;5.69174;;COLLECTE;0;
04/12/23 05:56:26;Rue de Pacalaire, Seyssinet-Pariset;45.180279;5.69174;;COLLECTE;0;
04/12/23 05:56:28;Rue de Pacalaire, Seyssinet-Pariset;45.180279;5.69174;;ARRET;0;
04/12/23 05:56:30;Rue de Pacalaire, Seyssinet-Pariset;45.180279;5.69174;;COLLECTE;0;
04/12/23 05:56:32;Rue de Pacalaire, Seyssinet-Pariset;45.180279;5.69174;;ARRET;0;
04/12/23 05:56:32;Rue de Pacalaire, Seyssinet-Pariset;45.180279;5.69174;;COLLECTE;0;
04/12/23 05:56:32;Rue de Pacalaire, Seyssinet-Pariset;45.180279;5.69174;;COLLECTE;0;
04/12/23 05:56:35;Rue de Pacalaire, Seyssinet-Pariset;45.180279;5.69174;0.0;COLLECTE;0;
04/12/23 05:56:42;Rue de Pacalaire, Seyssinet-Pariset;45.180279;5.69174;;COLLECTE;0;
04/12/23 05:56:42;Rue de Pacalaire, Seyssinet-Pariset;45.180279;5.69174;;COLLECTE;0;
04/12/23 05:56:42;Rue de Pacalaire, Seyssinet-Pariset;45.180279;5.69174;;COLLECTE;0;
04/12/23 05:56:44;Rue de Pacalaire, Seyssinet-Pariset;45.180279;5.69174;;ARRET;29;
04/12/23 05:56:56;Rue de Pacalaire, Seyssinet-Pariset;45.180016;5.691739;19.0;HAUT LE PIED;19;
04/12/23 05:56:59;Rue de Pacalaire, Seyssinet-Pariset;45.179848;5.691734;22.0;HAUT LE PIED;7;
04/12/23 05:57:04;Rue de Pacalaire, Seyssinet-Pariset;45.179829;5.691821;;MARCHE ARRIERE;11;
04/12/23 05:57:16;Inconnu, Seyssinet-Pariset;45.179893;5.691721;;ARRET;21;
04/12/23 05:57:25;Rue de Pacalaire, Seyssinet-Pariset;45.180073;5.691811;14.0;HAUT LE PIED;28;
04/12/23 05:57:30;Rue de Pacalaire, Seyssinet-Pariset;45.180325;5.691785;20.0;HAUT LE PIED;39;
04/12/23 05:57:36;Rue de Pacalaire, Seyssinet-Pariset;45.180672;5.691694;29.0;HAUT LE PIED;31;
04/12/23 05:57:40;Rue de Pacalaire, Seyssinet-Pariset;45.18095;5.691696;19.0;HAUT LE PIED;16;
04/12/23 05:57:46;Rue du Moucherotte, Seyssinet-Pariset;45.18108;5.691624;;ARRET;13;
04/12/23 05:57:49;Rue du Moucherotte, Seyssinet-Pariset;45.181076;5.691453;13.0;HAUT LE PIED;6;
04/12/23 05:57:52;Rue du Moucherotte, Seyssinet-Pariset;45.181053;5.691381;;ARRET;1;
04/12/23 05:57:53;Rue du Moucherotte, Seyssinet-Pariset;45.181049;5.691368;;ARRET;33;
04/12/23 05:58:11;Rue du Moucherotte, Seyssinet-Pariset;45.180954;5.690967;18.0;HAUT LE PIED;68;
04/12/23 05:58:24;Rue du Moucherotte, Seyssinet-Pariset;45.180786;5.690129;;ARRET;1;
04/12/23 05:58:25;Rue du Moucherotte, Seyssinet-Pariset;45.180782;5.690118;;ARRET;1;
04/12/23 05:58:26;Rue du Moucherotte, Seyssinet-Pariset;45.180779;5.690113;;ARRET;0;
04/12/23 05:58:38;Rue du Moucherotte, Seyssinet-Pariset;45.180782;5.690116;;COLLECTE;0;
04/12/23 05:58:38;Rue du Moucherotte, Seyssinet-Pariset;45.180782;5.690116;;COLLECTE;0;
04/12/23 05:58:42;Rue du Moucherotte, Seyssinet-Pariset;45.180782;5.690116;0.0;COLLECTE;0;
04/12/23 05:58:47;Rue du Moucherotte, Seyssinet-Pariset;45.180782;5.690115;;COLLECTE;0;
04/12/23 05:58:48;Rue du Moucherotte, Seyssinet-Pariset;45.180782;5.690115;;COLLECTE;0;
04/12/23 05:58:48;Rue du Moucherotte, Seyssinet-Pariset;45.180782;5.690115;;COLLECTE;0;
04/12/23 05:58:50;Rue du Moucherotte, Seyssinet-Pariset;45.180782;5.690116;;ARRET;22;
04/12/23 05:59:02;Rue du Moucherotte, Seyssinet-Pariset;45.180752;5.689842;;MARCHE ARRIERE;13;
04/12/23 05:59:18;Rue du Moucherotte, Seyssinet-Pariset;45.180737;5.69;;ARRET;2;
04/12/23 05:59:25;Rue du Moucherotte, Seyssinet-Pariset;45.180725;5.690014;;COLLECTE;0;
04/12/23 05:59:25;Rue du Moucherotte, Seyssinet-Pariset;45.180725;5.690015;;COLLECTE;1;
04/12/23 05:59:36;Rue du Moucherotte, Seyssinet-Pariset;45.180729;5.690019;;COLLECTE;0;
04/12/23 05:59:36;Rue du Moucherotte, Seyssinet-Pariset;45.180729;5.690019;;COLLECTE;0;
04/12/23 05:59:36;Rue du Moucherotte, Seyssinet-Pariset;45.180729;5.690019;;COLLECTE;0;
04/12/23 05:59:38;Rue du Moucherotte, Seyssinet-Pariset;45.180729;5.690019;;ARRET;0;
04/12/23 05:59:42;Rue du Moucherotte, Seyssinet-Pariset;45.180729;5.690019;;COLLECTE;0;
04/12/23 05:59:43;Rue du Moucherotte, Seyssinet-Pariset;45.180729;5.690019;;COLLECTE;0;
04/12/23 05:59:43;Rue du Moucherotte, Seyssinet-Pariset;45.180729;5.690019;;COLLECTE;0;
04/12/23 05:59:43;Rue du Moucherotte, Seyssinet-Pariset;45.180729;5.690019;;COLLECTE;0;
04/12/23 05:59:55;Rue du Moucherotte, Seyssinet-Pariset;45.180729;5.69002;;COLLECTE;0;
04/12/23 05:59:55;Rue du Moucherotte, Seyssinet-Pariset;45.180729;5.69002;;ARRET;0;
04/12/23 06:00:01;Rue du Moucherotte, Seyssinet-Pariset;45.180729;5.690019;;COLLECTE;0;
04/12/23 06:00:02;Rue du Moucherotte, Seyssinet-Pariset;45.180729;5.690019;;COLLECTE;0;
04/12/23 06:00:12;Rue du Moucherotte, Seyssinet-Pariset;45.180729;5.690019;;COLLECTE;0;
04/12/23 06:00:12;Rue du Moucherotte, Seyssinet-Pariset;45.180729;5.690019;;ARRET;0;
04/12/23 06:00:15;Rue du Moucherotte, Seyssinet-Pariset;45.180729;5.690019;;COLLECTE;0;
04/12/23 06:00:17;Rue du Moucherotte, Seyssinet-Pariset;45.180729;5.690019;;ARRET;0;
04/12/23 06:00:17;Rue du Moucherotte, Seyssinet-Pariset;45.180729;5.690019;;COLLECTE;0;
04/12/23 06:00:17;Rue du Moucherotte, Seyssinet-Pariset;45.180729;5.690019;;COLLECTE;0;
04/12/23 06:00:34;Rue du Moucherotte, Seyssinet-Pariset;45.180729;5.69002;;COLLECTE;0;
04/12/23 06:00:34;Rue du Moucherotte, Seyssinet-Pariset;45.180729;5.69002;;COLLECTE;0;
04/12/23 06:00:34;Rue du Moucherotte, Seyssinet-Pariset;45.180729;5.69002;;COLLECTE;0;
04/12/23 06:00:36;Rue du Moucherotte, Seyssinet-Pariset;45.180729;5.69002;;ARRET;0;
04/12/23 06:00:45;Rue du Moucherotte, Seyssinet-Pariset;45.180729;5.690019;;COLLECTE;0;
04/12/23 06:00:45;Rue du Moucherotte, Seyssinet-Pariset;45.180729;5.690019;;COLLECTE;0;
04/12/23 06:00:53;Rue du Moucherotte, Seyssinet-Pariset;45.180729;5.69002;;COLLECTE;0;
04/12/23 06:00:53;Rue du Moucherotte, Seyssinet-Pariset;45.180729;5.69002;;ARRET;0;
04/12/23 06:01:03;Rue du Moucherotte, Seyssinet-Pariset;45.180729;5.690019;;ARRET;19;
04/12/23 06:01:11;Rue du Moucherotte, Seyssinet-Pariset;45.180763;5.689785;14.0;HAUT LE PIED;48;
04/12/23 06:01:20;Rue du Moucherotte, Seyssinet-Pariset;45.180645;5.6892;21.0;HAUT LE PIED;62;
04/12/23 06:01:29;Rue du Moucherotte, Seyssinet-Pariset;45.180298;5.688587;27.0;HAUT LE PIED;24;
04/12/23 06:01:32;Rue du Moucherotte, Seyssinet-Pariset;45.180248;5.688288;30.0;HAUT LE PIED;58;
04/12/23 06:01:40;Rue du Moucherotte, Seyssinet-Pariset;45.180202;5.68755;17.0;HAUT LE PIED;14;
04/12/23 06:01:43;Avenue du Vercors, Seyssinet-Pariset;45.180088;5.687462;19.0;HAUT LE PIED;68;
04/12/23 06:01:59;Avenue du Vercors, Seyssinet-Pariset;45.179485;5.687335;;ARRET;1;
04/12/23 06:02:14;Avenue du Vercors, Seyssinet-Pariset;45.179478;5.687339;0.0;ARRET;0;
04/12/23 06:02:15;Avenue du Vercors, Seyssinet-Pariset;45.179478;5.687339;;ARRET;29;
04/12/23 06:02:25;Avenue du Vercors, Seyssinet-Pariset;45.179222;5.687297;14.0;HAUT LE PIED;87;
04/12/23 06:02:44;Inconnu, Seyssinet-Pariset;45.178455;5.68707;;ARRET;1;
04/12/23 06:02:52;Inconnu, Seyssinet-Pariset;45.178448;5.68706;;COLLECTE;0;
04/12/23 06:02:53;Inconnu, Seyssinet-Pariset;45.178452;5.687061;;COLLECTE;0;
04/12/23 06:02:54;Inconnu, Seyssinet-Pariset;45.178452;5.687061;;COLLECTE;0;
04/12/23 06:02:54;Inconnu, Seyssinet-Pariset;45.178452;5.687061;;COLLECTE;1;
04/12/23 06:02:56;Inconnu, Seyssinet-Pariset;45.178448;5.687057;0.0;COLLECTE;0;
04/12/23 06:03:02;Inconnu, Seyssinet-Pariset;45.178448;5.687056;;COLLECTE;0;
04/12/23 06:03:02;Inconnu, Seyssinet-Pariset;45.178448;5.687056;;COLLECTE;0;
04/12/23 06:03:02;Inconnu, Seyssinet-Pariset;45.178448;5.687056;;COLLECTE;0;
04/12/23 06:03:05;Inconnu, Seyssinet-Pariset;45.178448;5.687056;;ARRET;0;
04/12/23 06:03:08;Inconnu, Seyssinet-Pariset;45.178448;5.687056;;COLLECTE;1;
04/12/23 06:03:13;Inconnu, Seyssinet-Pariset;45.178444;5.687059;;COLLECTE;0;
04/12/23 06:03:13;Inconnu, Seyssinet-Pariset;45.178444;5.687059;;COLLECTE;0;
04/12/23 06:03:13;Inconnu, Seyssinet-Pariset;45.178444;5.687059;;COLLECTE;1;
04/12/23 06:03:19;Inconnu, Seyssinet-Pariset;45.178448;5.687066;;COLLECTE;0;
04/12/23 06:03:20;Inconnu, Seyssinet-Pariset;45.178448;5.687066;;COLLECTE;0;
04/12/23 06:03:20;Inconnu, Seyssinet-Pariset;45.178448;5.687066;;COLLECTE;0;
04/12/23 06:03:22;Inconnu, Seyssinet-Pariset;45.178448;5.687066;;ARRET;0;
04/12/23 06:03:26;Inconnu, Seyssinet-Pariset;45.178444;5.687068;;ARRET;28;
04/12/23 06:03:36;Avenue du Vercors, Seyssinet-Pariset;45.178192;5.687016;20.0;HAUT LE PIED;174;
04/12/23 06:04:02;Avenue du Vercors, Seyssinet-Pariset;45.176651;5.686655;24.0;HAUT LE PIED;15;
04/12/23 06:04:05;Inconnu, Seyssinet-Pariset;45.176529;5.686733;18.0;HAUT LE PIED;40;
04/12/23 06:04:12;D 106B, Seyssinet-Pariset;45.176212;5.686972;18.0;HAUT LE PIED;19;
04/12/23 06:04:15;Rond-Point San Giovanni Lupatoto, Seyssinet-Pariset;45.176044;5.686989;22.0;HAUT LE PIED;18;
04/12/23 06:04:18;Rond-Point San Giovanni Lupatoto, Seyssinet-Pariset;45.175968;5.687191;24.0;HAUT LE PIED;20;
04/12/23 06:04:21;Rond-Point San Giovanni Lupatoto, Seyssinet-Pariset;45.176071;5.687403;26.0;HAUT LE PIED;23;
04/12/23 06:04:24;D 106G, Seyssinet-Pariset;45.176235;5.687584;26.0;HAUT LE PIED;48;
04/12/23 06:04:30;D 106G, Seyssinet-Pariset;45.176506;5.688065;29.0;HAUT LE PIED;74;
04/12/23 06:04:40;D 106G, Seyssinet-Pariset;45.176823;5.688898;12.0;HAUT LE PIED;5;
04/12/23 06:04:43;D 106G, Seyssinet-Pariset;45.176853;5.688943;;ARRET;3;
04/12/23 06:04:48;D 106G, Seyssinet-Pariset;45.176868;5.688979;;COLLECTE;1;
04/12/23 06:04:52;D 106G, Seyssinet-Pariset;45.176868;5.688988;;COLLECTE;0;
04/12/23 06:04:52;D 106G, Seyssinet-Pariset;45.176868;5.688988;;COLLECTE;0;
04/12/23 06:04:52;D 106G, Seyssinet-Pariset;45.176868;5.688988;;COLLECTE;0;
04/12/23 06:05:03;D 106G, Seyssinet-Pariset;45.176868;5.688989;;COLLECTE;0;
04/12/23 06:05:04;D 106G, Seyssinet-Pariset;45.176868;5.688989;;ARRET;0;
04/12/23 06:05:07;D 106G, Seyssinet-Pariset;45.176872;5.688989;;ARRET;9;
04/12/23 06:05:11;D 106G, Seyssinet-Pariset;45.176937;5.689067;0.0;ARRET;155;
04/12/23 06:05:34;D 106G, Seyssinet-Pariset;45.177608;5.690802;25.0;HAUT LE PIED;14;
04/12/23 06:05:37;Inconnu, Seyssinet-Pariset;45.177578;5.690979;15.0;HAUT LE PIED;14;
04/12/23 06:05:40;Allée des Glycines, Seyssinet-Pariset;45.17746;5.691054;17.0;HAUT LE PIED;15;
04/12/23 06:05:43;Allée des Glycines, Seyssinet-Pariset;45.17733;5.691022;19.0;HAUT LE PIED;17;
04/12/23 06:05:46;Allée des Glycines, Seyssinet-Pariset;45.177177;5.691029;20.0;HAUT LE PIED;16;
04/12/23 06:05:49;Allée des Glycines, Seyssinet-Pariset;45.177036;5.691006;17.0;HAUT LE PIED;17;
04/12/23 06:05:52;Allée des Glycines, Seyssinet-Pariset;45.176891;5.690961;15.0;HAUT LE PIED;15;
04/12/23 06:05:55;Allée des Glycines, Seyssinet-Pariset;45.176796;5.69109;18.0;HAUT LE PIED;31;
04/12/23 06:06:03;Allée des Glycines, Seyssinet-Pariset;45.17675;5.69148;15.0;HAUT LE PIED;8;
04/12/23 06:06:06;Allée des Glycines, Seyssinet-Pariset;45.176682;5.691489;8.0;HAUT LE PIED;2;
04/12/23 06:06:07;Allée des Glycines, Seyssinet-Pariset;45.176666;5.691478;;ARRET;3;
04/12/23 06:06:10;Allée des Glycines, Seyssinet-Pariset;45.176643;5.691458;;MARCHE ARRIERE;11;
04/12/23 06:06:21;Allée des Glycines, Seyssinet-Pariset;45.176743;5.691475;;ARRET;2;
04/12/23 06:06:26;Allée des Glycines, Seyssinet-Pariset;45.176731;5.691454;;COLLECTE;2;
04/12/23 06:06:32;Allée des Glycines, Seyssinet-Pariset;45.176727;5.691435;;ARRET;0;
04/12/23 06:06:35;Allée des Glycines, Seyssinet-Pariset;45.176727;5.691432;;ARRET;3;
04/12/23 06:06:37;Allée des Glycines, Seyssinet-Pariset;45.176735;5.691391;0.0;ARRET;34;
04/12/23 06:06:50;Allée des Glycines, Seyssinet-Pariset;45.176842;5.690986;;ARRET;3;
04/12/23 06:06:57;Allée des Glycines, Seyssinet-Pariset;45.176865;5.691012;;COLLECTE;0;
04/12/23 06:06:57;Allée des Glycines, Seyssinet-Pariset;45.176865;5.691012;;COLLECTE;0;
04/12/23 06:07:04;Allée des Glycines, Seyssinet-Pariset;45.176865;5.691008;;COLLECTE;0;
04/12/23 06:07:05;Allée des Glycines, Seyssinet-Pariset;45.176865;5.691008;;ARRET;0;
04/12/23 06:07:10;Allée des Glycines, Seyssinet-Pariset;45.176865;5.691008;;COLLECTE;0;
04/12/23 06:07:11;Allée des Glycines, Seyssinet-Pariset;45.176865;5.691008;;COLLECTE;0;
04/12/23 06:07:18;Allée des Glycines, Seyssinet-Pariset;45.176865;5.691008;;COLLECTE;0;
04/12/23 06:07:18;Allée des Glycines, Seyssinet-Pariset;45.176865;5.691008;;ARRET;0;
04/12/23 06:07:24;Allée des Glycines, Seyssinet-Pariset;45.176865;5.691008;;COLLECTE;0;
04/12/23 06:07:25;Allée des Glycines, Seyssinet-Pariset;45.176865;5.691008;;COLLECTE;0;
04/12/23 06:07:25;Allée des Glycines, Seyssinet-Pariset;45.176865;5.691008;;COLLECTE;0;
04/12/23 06:07:25;Allée des Glycines, Seyssinet-Pariset;45.176865;5.691008;;COLLECTE;0;
04/12/23 06:07:38;Allée des Glycines, Seyssinet-Pariset;45.176865;5.691008;;COLLECTE;0;
04/12/23 06:07:38;Allée des Glycines, Seyssinet-Pariset;45.176865;5.691008;;ARRET;0;
04/12/23 06:07:47;Allée des Glycines, Seyssinet-Pariset;45.176865;5.691008;;ARRET;0;
04/12/23 06:07:50;Allée des Glycines, Seyssinet-Pariset;45.176865;5.691008;6.0;HAUT LE PIED;40;
04/12/23 06:08:03;Allée des Glycines, Seyssinet-Pariset;45.177223;5.691028;18.0;HAUT LE PIED;13;
04/12/23 06:08:06;Allée des Glycines, Seyssinet-Pariset;45.177338;5.691029;17.0;HAUT LE PIED;27;
04/12/23 06:08:11;Inconnu, Seyssinet-Pariset;45.177578;5.691103;17.0;HAUT LE PIED;15;
04/12/23 06:08:14;Inconnu, Seyssinet-Pariset;45.177715;5.691135;20.0;HAUT LE PIED;19;
04/12/23 06:08:17;Avenue du Général de Gaulle, Seyssinet-Pariset;45.177811;5.691342;28.0;HAUT LE PIED;24;
04/12/23 06:08:20;Avenue du Général de Gaulle, Seyssinet-Pariset;45.177841;5.691645;29.0;HAUT LE PIED;31;
04/12/23 06:08:24;Avenue du Général de Gaulle, Seyssinet-Pariset;45.177811;5.692035;21.0;HAUT LE PIED;7;
04/12/23 06:08:29;Avenue du Général de Gaulle, Seyssinet-Pariset;45.177784;5.692116;;ARRET;1;
04/12/23 06:08:33;Avenue du Général de Gaulle, Seyssinet-Pariset;45.177776;5.692124;;COLLECTE;0;
04/12/23 06:08:33;Avenue du Général de Gaulle, Seyssinet-Pariset;45.177776;5.692124;;COLLECTE;1;
04/12/23 06:08:42;Avenue du Général de Gaulle, Seyssinet-Pariset;45.177773;5.692111;;COLLECTE;0;
04/12/23 06:08:42;Avenue du Général de Gaulle, Seyssinet-Pariset;45.177773;5.692111;;COLLECTE;0;
04/12/23 06:08:43;Avenue du Général de Gaulle, Seyssinet-Pariset;45.177773;5.692111;;COLLECTE;0;
04/12/23 06:08:44;Avenue du Général de Gaulle, Seyssinet-Pariset;45.177773;5.692111;;ARRET;0;
04/12/23 06:08:46;Avenue du Général de Gaulle, Seyssinet-Pariset;45.177773;5.692116;;ARRET;31;
04/12/23 06:08:53;Avenue du Général de Gaulle, Seyssinet-Pariset;45.177666;5.692481;25.0;HAUT LE PIED;108;
04/12/23 06:09:07;Avenue du Général de Gaulle, Seyssinet-Pariset;45.177261;5.693734;28.0;HAUT LE PIED;28;
04/12/23 06:09:33;Avenue du Général de Gaulle, Seyssinet-Pariset;45.177261;5.694087;15.0;HAUT LE PIED;12;
04/12/23 06:09:36;Avenue Victor Hugo, Seyssinet-Pariset;45.177322;5.694215;16.0;HAUT LE PIED;14;
04/12/23 06:09:39;Avenue Victor Hugo, Seyssinet-Pariset;45.177452;5.69422;18.0;HAUT LE PIED;86;
04/12/23 06:09:55;Avenue Victor Hugo, Seyssinet-Pariset;45.178226;5.694236;;ARRET;1;
04/12/23 06:10:01;Avenue Victor Hugo, Seyssinet-Pariset;45.178219;5.694243;;COLLECTE;1;
04/12/23 06:10:07;Avenue Victor Hugo, Seyssinet-Pariset;45.178226;5.694245;;ARRET;1;
04/12/23 06:10:10;Avenue Victor Hugo, Seyssinet-Pariset;45.178238;5.694246;0.0;ARRET;0;
04/12/23 06:10:11;Avenue Victor Hugo, Seyssinet-Pariset;45.178238;5.694246;;ARRET;26;
04/12/23 06:10:19;Avenue Victor Hugo, Seyssinet-Pariset;45.178463;5.694334;8.0;HAUT LE PIED;9;
04/12/23 06:10:23;Avenue Victor Hugo, Seyssinet-Pariset;45.178436;5.694441;10.0;HAUT LE PIED;24;
04/12/23 06:10:32;Inconnu, Seyssinet-Pariset;45.178406;5.694743;9.0;HAUT LE PIED;6;
04/12/23 06:10:37;Inconnu, Seyssinet-Pariset;45.178421;5.694813;;ARRET;5;
04/12/23 06:10:42;Inconnu, Seyssinet-Pariset;45.178436;5.694874;;ARRET;61;
04/12/23 06:10:53;;45.178474;5.695646;22.0;HAUT LE PIED;11;
04/12/23 06:10:56;;45.178539;5.695753;;ARRET;9;
04/12/23 06:11:10;;45.178616;5.69573;;COLLECTE;0;
04/12/23 06:11:15;;45.178619;5.695728;;COLLECTE;0;
04/12/23 06:11:15;;45.178619;5.695728;;COLLECTE;0;
04/12/23 06:11:15;;45.178619;5.695728;;COLLECTE;2;
04/12/23 06:11:24;;45.178623;5.695705;0.0;COLLECTE;0;
04/12/23 06:11:25;;45.178623;5.695705;;COLLECTE;0;
04/12/23 06:11:25;;45.178623;5.695705;;COLLECTE;0;
04/12/23 06:11:26;;45.178623;5.695704;;COLLECTE;0;
04/12/23 06:11:27;;45.178623;5.695703;;ARRET;0;
04/12/23 06:11:32;;45.178627;5.695704;;COLLECTE;0;
04/12/23 06:11:33;;45.178627;5.695704;;COLLECTE;0;
04/12/23 06:11:34;;45.178627;5.695704;;COLLECTE;0;
04/12/23 06:11:34;;45.178627;5.695704;;COLLECTE;0;
04/12/23 06:11:44;;45.178627;5.695703;;COLLECTE;0;
04/12/23 06:11:44;;45.178627;5.695703;;COLLECTE;0;
04/12/23 06:11:44;;45.178627;5.695703;;COLLECTE;0;
04/12/23 06:11:45;;45.178627;5.695703;;ARRET;0;
04/12/23 06:11:51;;45.178627;5.695703;;COLLECTE;0;
04/12/23 06:11:52;;45.178627;5.695703;;COLLECTE;0;
04/12/23 06:11:52;;45.178627;5.695703;;COLLECTE;0;
04/12/23 06:11:52;;45.178627;5.695703;;COLLECTE;0;
04/12/23 06:12:06;;45.178627;5.695702;;COLLECTE;0;
04/12/23 06:12:06;;45.178627;5.695702;;ARRET;1;
04/12/23 06:12:12;;45.178631;5.695697;;ARRET;29;
04/12/23 06:12:19;;45.178566;5.695341;19.0;HAUT LE PIED;38;
04/12/23 06:12:25;Inconnu, Seyssinet-Pariset;45.178444;5.694882;25.0;HAUT LE PIED;49;
04/12/23 06:12:55;Inconnu, Seyssinet-Pariset;45.178421;5.69426;10.0;HAUT LE PIED;7;
04/12/23 06:12:58;Avenue Victor Hugo, Seyssinet-Pariset;45.17844;5.694176;9.0;HAUT LE PIED;9;
04/12/23 06:13:01;Avenue Victor Hugo, Seyssinet-Pariset;45.17852;5.694152;13.0;HAUT LE PIED;119;
04/12/23 06:13:21;Rue Lamartine, Seyssinet-Pariset;45.179585;5.694308;13.0;HAUT LE PIED;9;
04/12/23 06:13:24;Rue Lamartine, Seyssinet-Pariset;45.179611;5.694418;9.0;HAUT LE PIED;37;
04/12/23 06:13:38;Rue Lamartine, Seyssinet-Pariset;45.1796;5.694884;12.0;HAUT LE PIED;47;
04/12/23 06:13:47;Rue Lamartine, Seyssinet-Pariset;45.179562;5.695484;;ARRET;4;
04/12/23 06:13:54;Rue Lamartine, Seyssinet-Pariset;45.179562;5.695535;;COLLECTE;0;
04/12/23 06:13:55;Rue Lamartine, Seyssinet-Pariset;45.179562;5.695533;;ARRET;0;
04/12/23 06:13:55;Rue Lamartine, Seyssinet-Pariset;45.179562;5.695533;;COLLECTE;0;
04/12/23 06:13:55;Rue Lamartine, Seyssinet-Pariset;45.179562;5.695533;;COLLECTE;1;
04/12/23 06:14:05;Rue Lamartine, Seyssinet-Pariset;45.179558;5.695523;;COLLECTE;0;
04/12/23 06:14:05;Rue Lamartine, Seyssinet-Pariset;45.179558;5.695523;;COLLECTE;0;
04/12/23 06:14:05;Rue Lamartine, Seyssinet-Pariset;45.179558;5.695523;;COLLECTE;0;
04/12/23 06:14:07;Rue Lamartine, Seyssinet-Pariset;45.179558;5.695523;;ARRET;0;
04/12/23 06:14:09;Rue Lamartine, Seyssinet-Pariset;45.179558;5.695523;0.0;ARRET;0;
04/12/23 06:14:12;Rue Lamartine, Seyssinet-Pariset;45.179558;5.695523;;COLLECTE;0;
04/12/23 06:14:13;Rue Lamartine, Seyssinet-Pariset;45.179558;5.695523;;COLLECTE;0;
04/12/23 06:14:13;Rue Lamartine, Seyssinet-Pariset;45.179558;5.695523;;COLLECTE;0;
04/12/23 06:14:13;Rue Lamartine, Seyssinet-Pariset;45.179558;5.695523;;COLLECTE;1;
04/12/23 06:14:23;Rue Lamartine, Seyssinet-Pariset;45.179558;5.695511;;COLLECTE;0;
04/12/23 06:14:23;Rue Lamartine, Seyssinet-Pariset;45.179558;5.695511;;COLLECTE;0;
04/12/23 06:14:23;Rue Lamartine, Seyssinet-Pariset;45.179558;5.695511;;COLLECTE;0;
04/12/23 06:14:25;Rue Lamartine, Seyssinet-Pariset;45.179558;5.695511;;ARRET;0;
04/12/23 06:14:28;Rue Lamartine, Seyssinet-Pariset;45.179558;5.69551;;COLLECTE;0;
04/12/23 06:14:29;Rue Lamartine, Seyssinet-Pariset;45.179558;5.69551;;COLLECTE;0;
04/12/23 06:14:29;Rue Lamartine, Seyssinet-Pariset;45.179558;5.69551;;COLLECTE;0;
04/12/23 06:14:29;Rue Lamartine, Seyssinet-Pariset;45.179558;5.69551;;COLLECTE;0;
04/12/23 06:14:40;Rue Lamartine, Seyssinet-Pariset;45.179558;5.695511;;COLLECTE;0;
04/12/23 06:14:40;Rue Lamartine, Seyssinet-Pariset;45.179558;5.695511;;COLLECTE;0;
04/12/23 06:14:40;Rue Lamartine, Seyssinet-Pariset;45.179558;5.695511;;COLLECTE;0;
04/12/23 06:14:41;Rue Lamartine, Seyssinet-Pariset;45.179558;5.695511;;ARRET;0;
04/12/23 06:14:45;Rue Lamartine, Seyssinet-Pariset;45.179558;5.695511;;COLLECTE;0;
04/12/23 06:14:47;Rue Lamartine, Seyssinet-Pariset;45.179558;5.695511;;COLLECTE;0;
04/12/23 06:14:47;Rue Lamartine, Seyssinet-Pariset;45.179558;5.695511;;COLLECTE;0;
04/12/23 06:14:47;Rue Lamartine, Seyssinet-Pariset;45.179558;5.695511;;COLLECTE;0;
04/12/23 06:15:04;Rue Lamartine, Seyssinet-Pariset;45.179558;5.695512;;COLLECTE;0;
04/12/23 06:15:04;Rue Lamartine, Seyssinet-Pariset;45.179558;5.695512;;ARRET;0;
04/12/23 06:15:08;Rue Lamartine, Seyssinet-Pariset;45.179558;5.695512;;COLLECTE;0;
04/12/23 06:15:08;Rue Lamartine, Seyssinet-Pariset;45.179558;5.695512;;COLLECTE;0;
04/12/23 06:15:18;Rue Lamartine, Seyssinet-Pariset;45.179558;5.695513;;COLLECTE;0;
04/12/23 06:15:18;Rue Lamartine, Seyssinet-Pariset;45.179558;5.695513;;COLLECTE;0;
04/12/23 06:15:18;Rue Lamartine, Seyssinet-Pariset;45.179558;5.695513;;COLLECTE;1;
04/12/23 06:15:20;Rue Lamartine, Seyssinet-Pariset;45.179558;5.695521;;ARRET;1;
04/12/23 06:15:23;Rue Lamartine, Seyssinet-Pariset;45.179558;5.695539;;COLLECTE;0;
04/12/23 06:15:24;Rue Lamartine, Seyssinet-Pariset;45.179558;5.695545;;COLLECTE;0;
04/12/23 06:15:24;Rue Lamartine, Seyssinet-Pariset;45.179558;5.695545;;COLLECTE;0;
04/12/23 06:15:24;Rue Lamartine, Seyssinet-Pariset;45.179558;5.695545;;COLLECTE;1;
04/12/23 06:15:34;Rue Lamartine, Seyssinet-Pariset;45.179554;5.695563;;COLLECTE;0;
04/12/23 06:15:34;Rue Lamartine, Seyssinet-Pariset;45.179554;5.695563;;COLLECTE;0;
04/12/23 06:15:34;Rue Lamartine, Seyssinet-Pariset;45.179554;5.695563;;COLLECTE;0;
04/12/23 06:15:36;Rue Lamartine, Seyssinet-Pariset;45.179554;5.695565;;ARRET;0;
04/12/23 06:15:38;Rue Lamartine, Seyssinet-Pariset;45.179554;5.695567;;COLLECTE;0;
04/12/23 06:15:45;Rue Lamartine, Seyssinet-Pariset;45.179554;5.695567;;ARRET;0;
04/12/23 06:15:45;Rue Lamartine, Seyssinet-Pariset;45.179554;5.695567;;COLLECTE;0;
04/12/23 06:15:45;Rue Lamartine, Seyssinet-Pariset;45.179554;5.695567;;COLLECTE;0;
04/12/23 06:15:55;Rue Lamartine, Seyssinet-Pariset;45.179554;5.695568;;COLLECTE;0;
04/12/23 06:15:55;Rue Lamartine, Seyssinet-Pariset;45.179554;5.695568;;COLLECTE;0;
04/12/23 06:15:55;Rue Lamartine, Seyssinet-Pariset;45.179554;5.695568;;COLLECTE;0;
04/12/23 06:15:57;Rue Lamartine, Seyssinet-Pariset;45.179554;5.695568;;ARRET;0;
04/12/23 06:16:01;Rue Lamartine, Seyssinet-Pariset;45.179554;5.695568;;COLLECTE;0;
04/12/23 06:16:02;Rue Lamartine, Seyssinet-Pariset;45.179554;5.695568;;ARRET;0;
04/12/23 06:16:02;Rue Lamartine, Seyssinet-Pariset;45.179554;5.695568;;COLLECTE;0;
04/12/23 06:16:02;Rue Lamartine, Seyssinet-Pariset;45.179554;5.695568;;COLLECTE;0;
04/12/23 06:16:14;Rue Lamartine, Seyssinet-Pariset;45.179554;5.695568;;COLLECTE;0;
04/12/23 06:16:14;Rue Lamartine, Seyssinet-Pariset;45.179554;5.695568;;ARRET;18;
04/12/23 06:16:27;Rue Lamartine, Seyssinet-Pariset;45.179546;5.695791;;COLLECTE;0;
04/12/23 06:16:30;Rue Lamartine, Seyssinet-Pariset;45.179546;5.695795;;COLLECTE;0;
04/12/23 06:16:30;Rue Lamartine, Seyssinet-Pariset;45.179546;5.695795;;COLLECTE;0;
04/12/23 06:16:30;Rue Lamartine, Seyssinet-Pariset;45.179546;5.695795;;COLLECTE;0;
04/12/23 06:16:36;Rue Lamartine, Seyssinet-Pariset;45.17955;5.695796;;COLLECTE;0;
04/12/23 06:16:36;Rue Lamartine, Seyssinet-Pariset;45.17955;5.695796;;COLLECTE;0;
04/12/23 06:16:36;Rue Lamartine, Seyssinet-Pariset;45.17955;5.695796;;COLLECTE;0;
04/12/23 06:16:37;Rue Lamartine, Seyssinet-Pariset;45.17955;5.695796;;ARRET;0;
04/12/23 06:16:44;Rue Lamartine, Seyssinet-Pariset;45.17955;5.695796;;COLLECTE;0;
04/12/23 06:16:45;Rue Lamartine, Seyssinet-Pariset;45.17955;5.695796;;ARRET;0;
04/12/23 06:16:45;Rue Lamartine, Seyssinet-Pariset;45.17955;5.695796;;COLLECTE;0;
04/12/23 06:16:45;Rue Lamartine, Seyssinet-Pariset;45.17955;5.695796;;COLLECTE;0;
04/12/23 06:16:52;Rue Lamartine, Seyssinet-Pariset;45.17955;5.695796;;COLLECTE;0;
04/12/23 06:16:52;Rue Lamartine, Seyssinet-Pariset;45.17955;5.695796;;ARRET;0;
04/12/23 06:16:57;Rue Lamartine, Seyssinet-Pariset;45.17955;5.695796;;ARRET;53;
04/12/23 06:17:13;Rue Lamartine, Seyssinet-Pariset;45.17955;5.696476;6.0;HAUT LE PIED;0;
04/12/23 06:17:14;Rue Lamartine, Seyssinet-Pariset;45.17955;5.696476;;ARRET;49;
04/12/23 06:17:36;Avenue de la République, Seyssinet-Pariset;45.179539;5.697106;15.0;HAUT LE PIED;9;
04/12/23 06:17:39;Avenue de la République, Seyssinet-Pariset;45.179615;5.69716;8.0;HAUT LE PIED;2;
04/12/23 06:17:41;Avenue de la République, Seyssinet-Pariset;45.17963;5.697151;;MARCHE ARRIERE;13;
04/12/23 06:17:50;Avenue de la République, Seyssinet-Pariset;45.179527;5.697087;;ARRET;23;
04/12/23 06:17:59;Rue Lamartine, Seyssinet-Pariset;45.179592;5.696807;14.0;HAUT LE PIED;52;
04/12/23 06:18:16;Rue Lamartine, Seyssinet-Pariset;45.179573;5.696147;;COLLECTE;0;
04/12/23 06:18:20;Rue Lamartine, Seyssinet-Pariset;45.179573;5.696147;;COLLECTE;0;
04/12/23 06:18:20;Rue Lamartine, Seyssinet-Pariset;45.179573;5.696147;;COLLECTE;0;
04/12/23 06:18:20;Rue Lamartine, Seyssinet-Pariset;45.179573;5.696147;;COLLECTE;0;
04/12/23 06:18:30;Rue Lamartine, Seyssinet-Pariset;45.179573;5.696147;0.0;COLLECTE;0;
04/12/23 06:18:31;Rue Lamartine, Seyssinet-Pariset;45.179573;5.696147;;COLLECTE;0;
04/12/23 06:18:31;Rue Lamartine, Seyssinet-Pariset;45.179573;5.696147;;COLLECTE;0;
04/12/23 06:18:31;Rue Lamartine, Seyssinet-Pariset;45.179573;5.696147;;COLLECTE;0;
04/12/23 06:18:34;Rue Lamartine, Seyssinet-Pariset;45.179573;5.696147;;ARRET;0;
04/12/23 06:18:41;Rue Lamartine, Seyssinet-Pariset;45.179573;5.696147;;COLLECTE;0;
04/12/23 06:18:42;Rue Lamartine, Seyssinet-Pariset;45.179573;5.696147;;COLLECTE;0;
04/12/23 06:18:42;Rue Lamartine, Seyssinet-Pariset;45.179573;5.696147;;COLLECTE;0;
04/12/23 06:18:42;Rue Lamartine, Seyssinet-Pariset;45.179573;5.696147;;COLLECTE;1;
04/12/23 06:18:52;Rue Lamartine, Seyssinet-Pariset;45.179577;5.696157;;COLLECTE;0;
04/12/23 06:18:52;Rue Lamartine, Seyssinet-Pariset;45.179577;5.696157;;COLLECTE;0;
04/12/23 06:18:52;Rue Lamartine, Seyssinet-Pariset;45.179577;5.696157;;COLLECTE;1;
04/12/23 06:18:54;Rue Lamartine, Seyssinet-Pariset;45.179581;5.69616;;ARRET;0;
04/12/23 06:18:56;Rue Lamartine, Seyssinet-Pariset;45.179581;5.696162;;ARRET;27;
04/12/23 06:19:07;Rue Lamartine, Seyssinet-Pariset;45.179585;5.695823;15.0;HAUT LE PIED;99;
04/12/23 06:19:38;Rue Lamartine, Seyssinet-Pariset;45.179596;5.694566;0.0;ARRET;26;
04/12/23 06:20:03;Avenue Victor Hugo, Seyssinet-Pariset;45.179523;5.694252;18.0;HAUT LE PIED;13;
04/12/23 06:20:06;Inconnu, Seyssinet-Pariset;45.179405;5.69422;18.0;HAUT LE PIED;41;
04/12/23 06:20:16;Avenue Victor Hugo, Seyssinet-Pariset;45.179035;5.694193;;ARRET;2;
04/12/23 06:20:22;Avenue Victor Hugo, Seyssinet-Pariset;45.179024;5.694172;;COLLECTE;0;
04/12/23 06:20:23;Avenue Victor Hugo, Seyssinet-Pariset;45.17902;5.694171;;COLLECTE;1;
04/12/23 06:20:30;Avenue Victor Hugo, Seyssinet-Pariset;45.179012;5.694165;;COLLECTE;0;
04/12/23 06:20:30;Avenue Victor Hugo, Seyssinet-Pariset;45.179012;5.694165;;ARRET;0;
04/12/23 06:20:34;Avenue Victor Hugo, Seyssinet-Pariset;45.179012;5.694165;;ARRET;0;
04/12/23 06:20:37;Avenue Victor Hugo, Seyssinet-Pariset;45.179012;5.694165;0.0;ARRET;26;
04/12/23 06:20:44;Inconnu, Seyssinet-Pariset;45.178783;5.694148;19.0;HAUT LE PIED;19;
04/12/23 06:20:51;Avenue Victor Hugo, Seyssinet-Pariset;45.178608;5.694157;;ARRET;3;
04/12/23 06:20:58;Avenue Victor Hugo, Seyssinet-Pariset;45.178627;5.694178;;COLLECTE;0;
04/12/23 06:20:58;Avenue Victor Hugo, Seyssinet-Pariset;45.178627;5.694178;;COLLECTE;1;
04/12/23 06:21:05;Avenue Victor Hugo, Seyssinet-Pariset;45.178635;5.694183;;COLLECTE;0;
04/12/23 06:21:06;Avenue Victor Hugo, Seyssinet-Pariset;45.178635;5.694184;;ARRET;0;
04/12/23 06:21:11;Avenue Victor Hugo, Seyssinet-Pariset;45.178635;5.694183;;COLLECTE;0;
04/12/23 06:21:13;Avenue Victor Hugo, Seyssinet-Pariset;45.178635;5.694183;;COLLECTE;0;
04/12/23 06:21:13;Avenue Victor Hugo, Seyssinet-Pariset;45.178635;5.694183;;COLLECTE;0;
04/12/23 06:21:13;Avenue Victor Hugo, Seyssinet-Pariset;45.178635;5.694183;;COLLECTE;0;
04/12/23 06:21:15;Avenue Victor Hugo, Seyssinet-Pariset;45.178635;5.694184;0.0;COLLECTE;0;
04/12/23 06:21:21;Avenue Victor Hugo, Seyssinet-Pariset;45.178631;5.694184;;COLLECTE;0;
04/12/23 06:21:21;Avenue Victor Hugo, Seyssinet-Pariset;45.178631;5.694184;;COLLECTE;0;
04/12/23 06:21:21;Avenue Victor Hugo, Seyssinet-Pariset;45.178631;5.694184;;COLLECTE;0;
04/12/23 06:21:24;Avenue Victor Hugo, Seyssinet-Pariset;45.178631;5.694183;;ARRET;0;
04/12/23 06:21:32;Avenue Victor Hugo, Seyssinet-Pariset;45.178631;5.694183;;COLLECTE;0;
04/12/23 06:21:34;Avenue Victor Hugo, Seyssinet-Pariset;45.178631;5.694183;;COLLECTE;0;
04/12/23 06:21:34;Avenue Victor Hugo, Seyssinet-Pariset;45.178631;5.694183;;COLLECTE;0;
04/12/23 06:21:34;Avenue Victor Hugo, Seyssinet-Pariset;45.178631;5.694183;;COLLECTE;0;
04/12/23 06:21:45;Avenue Victor Hugo, Seyssinet-Pariset;45.178631;5.694183;;COLLECTE;0;
04/12/23 06:21:45;Avenue Victor Hugo, Seyssinet-Pariset;45.178631;5.694183;;COLLECTE;0;
04/12/23 06:21:45;Avenue Victor Hugo, Seyssinet-Pariset;45.178631;5.694183;;COLLECTE;0;
04/12/23 06:21:48;Avenue Victor Hugo, Seyssinet-Pariset;45.178631;5.694183;;ARRET;27;
04/12/23 06:22:08;Inconnu, Seyssinet-Pariset;45.178391;5.694174;19.0;HAUT LE PIED;125;
04/12/23 06:22:30;Avenue du Général de Gaulle, Seyssinet-Pariset;45.177269;5.694077;15.0;HAUT LE PIED;11;
04/12/23 06:22:33;Avenue du Général de Gaulle, Seyssinet-Pariset;45.177246;5.693943;13.0;HAUT LE PIED;71;
04/12/23 06:22:43;Avenue du Général de Gaulle, Seyssinet-Pariset;45.177425;5.693074;35.0;HAUT LE PIED;109;
04/12/23 06:22:53;Avenue du Général de Gaulle, Seyssinet-Pariset;45.17786;5.691822;39.0;HAUT LE PIED;33;
04/12/23 06:22:56;Avenue du Général de Gaulle, Seyssinet-Pariset;45.177834;5.691407;37.0;HAUT LE PIED;24;
04/12/23 06:22:59;Inconnu, Seyssinet-Pariset;45.177788;5.691113;23.0;HAUT LE PIED;20;
04/12/23 06:23:02;Inconnu, Seyssinet-Pariset;45.177795;5.690859;26.0;HAUT LE PIED;19;
04/12/23 06:23:05;D 106G, Seyssinet-Pariset;45.177673;5.690685;25.0;HAUT LE PIED;25;
04/12/23 06:23:08;D 106G, Seyssinet-Pariset;45.177563;5.690409;30.0;HAUT LE PIED;41;
04/12/23 06:23:13;D 106G, Seyssinet-Pariset;45.177399;5.689946;21.0;HAUT LE PIED;14;
04/12/23 06:23:16;Inconnu, Seyssinet-Pariset;45.177368;5.689777;17.0;HAUT LE PIED;15;
04/12/23 06:23:19;Rue de la Levade, Seyssinet-Pariset;45.17746;5.689636;20.0;HAUT LE PIED;36;
04/12/23 06:23:24;Rue de la Levade, Seyssinet-Pariset;45.177723;5.689362;25.0;HAUT LE PIED;23;
04/12/23 06:23:27;Rue de la Levade, Seyssinet-Pariset;45.177921;5.689288;28.0;HAUT LE PIED;33;
04/12/23 06:23:32;Rue des Murailles, Seyssinet-Pariset;45.178215;5.689239;17.0;HAUT LE PIED;14;
04/12/23 06:23:36;Rue de la Levade, Seyssinet-Pariset;45.178268;5.689073;8.0;HAUT LE PIED;10;
04/12/23 06:23:39;Rue de la Levade, Seyssinet-Pariset;45.178226;5.688954;16.0;HAUT LE PIED;25;
04/12/23 06:24:10;Rue de la Levade, Seyssinet-Pariset;45.178116;5.688669;0.0;ARRET;0;
04/12/23 06:24:16;Rue de la Levade, Seyssinet-Pariset;45.178116;5.688669;;COLLECTE;0;
04/12/23 06:24:17;Rue de la Levade, Seyssinet-Pariset;45.178116;5.688669;;ARRET;0;
04/12/23 06:24:17;Rue de la Levade, Seyssinet-Pariset;45.178116;5.688669;;COLLECTE;0;
04/12/23 06:24:33;Rue de la Levade, Seyssinet-Pariset;45.178116;5.688668;;COLLECTE;0;
04/12/23 06:24:33;Rue de la Levade, Seyssinet-Pariset;45.178116;5.688668;;COLLECTE;0;
04/12/23 06:24:34;Rue de la Levade, Seyssinet-Pariset;45.178116;5.688668;;ARRET;0;
04/12/23 06:24:38;Rue de la Levade, Seyssinet-Pariset;45.178116;5.688667;;ARRET;25;
04/12/23 06:24:46;Rue de la Levade, Seyssinet-Pariset;45.178043;5.688363;23.0;HAUT LE PIED;10;
04/12/23 06:24:50;Rue de la Levade, Seyssinet-Pariset;45.178051;5.688241;;ARRET;2;
04/12/23 06:24:58;Rue de la Levade, Seyssinet-Pariset;45.178051;5.688219;;COLLECTE;0;
04/12/23 06:25:04;Rue de la Levade, Seyssinet-Pariset;45.178055;5.688218;;ARRET;0;
04/12/23 06:25:05;Rue de la Levade, Seyssinet-Pariset;45.178055;5.688217;;COLLECTE;0;
04/12/23 06:25:05;Rue de la Levade, Seyssinet-Pariset;45.178055;5.688217;;COLLECTE;0;
04/12/23 06:25:15;Rue de la Levade, Seyssinet-Pariset;45.178055;5.688216;;COLLECTE;0;
04/12/23 06:25:15;Rue de la Levade, Seyssinet-Pariset;45.178055;5.688216;;COLLECTE;0;
04/12/23 06:25:15;Rue de la Levade, Seyssinet-Pariset;45.178055;5.688216;;COLLECTE;0;
04/12/23 06:25:16;Rue de la Levade, Seyssinet-Pariset;45.178055;5.688216;0.0;COLLECTE;0;
04/12/23 06:25:17;Rue de la Levade, Seyssinet-Pariset;45.178055;5.688216;;ARRET;0;
04/12/23 06:25:20;Rue de la Levade, Seyssinet-Pariset;45.178055;5.688215;;ARRET;25;
04/12/23 06:25:29;Rue de la Levade, Seyssinet-Pariset;45.178032;5.687898;20.0;HAUT LE PIED;45;
04/12/23 06:25:36;Rue de la Levade, Seyssinet-Pariset;45.177963;5.687339;27.0;HAUT LE PIED;21;
04/12/23 06:25:40;Rue de la Levade, Seyssinet-Pariset;45.177917;5.687085;11.0;HAUT LE PIED;9;
04/12/23 06:25:43;Avenue du Vercors, Seyssinet-Pariset;45.177971;5.687002;11.0;HAUT LE PIED;15;
04/12/23 06:25:46;Avenue du Vercors, Seyssinet-Pariset;45.178104;5.687038;15.0;HAUT LE PIED;117;
04/12/23 06:26:11;Avenue du Vercors, Seyssinet-Pariset;45.179134;5.687332;;ARRET;0;
04/12/23 06:26:17;Avenue du Vercors, Seyssinet-Pariset;45.179134;5.68733;;COLLECTE;0;
04/12/23 06:26:19;Avenue du Vercors, Seyssinet-Pariset;45.179134;5.687331;;COLLECTE;0;
04/12/23 06:26:25;Avenue du Vercors, Seyssinet-Pariset;45.179134;5.687334;;COLLECTE;0;
04/12/23 06:26:26;Avenue du Vercors, Seyssinet-Pariset;45.179134;5.687334;;ARRET;0;
04/12/23 06:26:30;Avenue du Vercors, Seyssinet-Pariset;45.179134;5.687334;;COLLECTE;0;
04/12/23 06:26:31;Avenue du Vercors, Seyssinet-Pariset;45.179134;5.687334;;COLLECTE;0;
04/12/23 06:26:31;Avenue du Vercors, Seyssinet-Pariset;45.179134;5.687334;;COLLECTE;0;
04/12/23 06:26:31;Avenue du Vercors, Seyssinet-Pariset;45.179134;5.687334;;COLLECTE;0;
04/12/23 06:26:41;Avenue du Vercors, Seyssinet-Pariset;45.179138;5.687334;;COLLECTE;0;
04/12/23 06:26:41;Avenue du Vercors, Seyssinet-Pariset;45.179138;5.687334;;COLLECTE;0;
04/12/23 06:26:41;Avenue du Vercors, Seyssinet-Pariset;45.179138;5.687334;;COLLECTE;0;
04/12/23 06:26:42;Avenue du Vercors, Seyssinet-Pariset;45.179138;5.687334;;ARRET;1;
04/12/23 06:26:47;Avenue du Vercors, Seyssinet-Pariset;45.179142;5.687331;;ARRET;2;
04/12/23 06:26:48;Avenue du Vercors, Seyssinet-Pariset;45.179157;5.687337;0.0;ARRET;30;
04/12/23 06:26:56;Avenue du Vercors, Seyssinet-Pariset;45.179417;5.687411;;ARRET;4;
04/12/23 06:27:05;Avenue du Vercors, Seyssinet-Pariset;45.179451;5.687407;;COLLECTE;0;
04/12/23 06:27:06;Avenue du Vercors, Seyssinet-Pariset;45.179455;5.687407;;ARRET;0;
04/12/23 06:27:06;Avenue du Vercors, Seyssinet-Pariset;45.179455;5.687407;;COLLECTE;0;
04/12/23 06:27:06;Avenue du Vercors, Seyssinet-Pariset;45.179455;5.687407;;COLLECTE;1;
04/12/23 06:27:16;Avenue du Vercors, Seyssinet-Pariset;45.179462;5.687413;;COLLECTE;0;
04/12/23 06:27:16;Avenue du Vercors, Seyssinet-Pariset;45.179462;5.687413;;COLLECTE;0;
04/12/23 06:27:16;Avenue du Vercors, Seyssinet-Pariset;45.179462;5.687413;;COLLECTE;0;
04/12/23 06:27:18;Avenue du Vercors, Seyssinet-Pariset;45.179462;5.687413;;ARRET;0;
04/12/23 06:27:24;Avenue du Vercors, Seyssinet-Pariset;45.179462;5.687413;;COLLECTE;0;
04/12/23 06:27:26;Avenue du Vercors, Seyssinet-Pariset;45.179462;5.687413;;COLLECTE;0;
04/12/23 06:27:32;Avenue du Vercors, Seyssinet-Pariset;45.179462;5.687413;;COLLECTE;0;
04/12/23 06:27:33;Avenue du Vercors, Seyssinet-Pariset;45.179462;5.687413;;ARRET;0;
04/12/23 06:27:38;Avenue du Vercors, Seyssinet-Pariset;45.179462;5.687413;;COLLECTE;0;
04/12/23 06:27:42;Avenue du Vercors, Seyssinet-Pariset;45.179462;5.687412;6.0;HAUT LE PIED;0;
04/12/23 06:27:55;Avenue du Vercors, Seyssinet-Pariset;45.179462;5.687412;;ARRET;26;
04/12/23 06:28:12;Avenue du Vercors, Seyssinet-Pariset;45.179691;5.687444;0.0;ARRET;0;
04/12/23 06:28:15;Avenue du Vercors, Seyssinet-Pariset;45.179688;5.68744;;COLLECTE;0;
04/12/23 06:28:15;Avenue du Vercors, Seyssinet-Pariset;45.179688;5.68744;;COLLECTE;1;
04/12/23 06:28:26;Avenue du Vercors, Seyssinet-Pariset;45.179688;5.687432;;COLLECTE;0;
04/12/23 06:28:26;Avenue du Vercors, Seyssinet-Pariset;45.179688;5.687432;;COLLECTE;0;
04/12/23 06:28:26;Avenue du Vercors, Seyssinet-Pariset;45.179688;5.687432;;COLLECTE;0;
04/12/23 06:28:27;Avenue du Vercors, Seyssinet-Pariset;45.179688;5.687432;;ARRET;0;
04/12/23 06:28:32;Avenue du Vercors, Seyssinet-Pariset;45.179688;5.687432;;COLLECTE;0;
04/12/23 06:28:39;Avenue du Vercors, Seyssinet-Pariset;45.179691;5.687432;;ARRET;0;
04/12/23 06:28:42;Avenue du Vercors, Seyssinet-Pariset;45.179691;5.687432;;ARRET;26;
04/12/23 06:28:54;Avenue du Vercors, Seyssinet-Pariset;45.17992;5.687503;20.0;HAUT LE PIED;58;
04/12/23 06:29:07;Avenue du Vercors, Seyssinet-Pariset;45.180435;5.687583;15.0;HAUT LE PIED;148;
04/12/23 06:29:34;Avenue du Vercors, Seyssinet-Pariset;45.181763;5.687535;14.0;HAUT LE PIED;12;
04/12/23 06:29:37;Rue de la Résistance, Seyssinet-Pariset;45.181786;5.68739;15.0;HAUT LE PIED;24;
04/12/23 06:29:42;Rue de la Résistance, Seyssinet-Pariset;45.181675;5.687134;15.0;HAUT LE PIED;20;
04/12/23 06:29:51;Rue de la Résistance, Seyssinet-Pariset;45.181572;5.686928;;ARRET;3;
04/12/23 06:29:57;Rue de la Résistance, Seyssinet-Pariset;45.181549;5.686933;;COLLECTE;1;
04/12/23 06:30:03;Rue de la Résistance, Seyssinet-Pariset;45.181545;5.686939;;ARRET;0;
04/12/23 06:30:05;Rue de la Résistance, Seyssinet-Pariset;45.181545;5.686939;;ARRET;7;
04/12/23 06:30:09;Rue de la Résistance, Seyssinet-Pariset;45.181488;5.686893;15.0;HAUT LE PIED;75;
04/12/23 06:30:31;Rue de la Résistance, Seyssinet-Pariset;45.180855;5.686564;;ARRET;1;
04/12/23 06:30:41;Rue de la Résistance, Seyssinet-Pariset;45.180855;5.686576;0.0;ARRET;0;
04/12/23 06:30:42;Rue de la Résistance, Seyssinet-Pariset;45.180855;5.686574;;ARRET;27;
04/12/23 06:30:49;Rue de la Résistance, Seyssinet-Pariset;45.180626;5.686456;17.0;HAUT LE PIED;53;
04/12/23 06:30:58;Inconnu, Seyssinet-Pariset;45.180172;5.686248;15.0;HAUT LE PIED;11;
04/12/23 06:31:05;Rue de la Résistance, Seyssinet-Pariset;45.180077;5.686246;;ARRET;0;
04/12/23 06:31:05;Rue de la Résistance, Seyssinet-Pariset;45.180077;5.686246;;MARCHE ARRIERE;2;
04/12/23 06:31:12;Rue de la Résistance, Seyssinet-Pariset;45.180092;5.686264;;ARRET;1;
04/12/23 06:31:17;Rue de la Résistance, Seyssinet-Pariset;45.180103;5.686257;;COLLECTE;0;
04/12/23 06:31:17;Rue de la Résistance, Seyssinet-Pariset;45.180103;5.686257;;COLLECTE;1;
04/12/23 06:31:28;Rue de la Résistance, Seyssinet-Pariset;45.180111;5.686259;0.0;COLLECTE;0;
04/12/23 06:31:30;Rue de la Résistance, Seyssinet-Pariset;45.180111;5.686259;;COLLECTE;0;
04/12/23 06:31:30;Rue de la Résistance, Seyssinet-Pariset;45.180111;5.686259;;ARRET;0;
04/12/23 06:31:34;Rue de la Résistance, Seyssinet-Pariset;45.180111;5.686259;;ARRET;25;
04/12/23 06:31:42;Rue de la Résistance, Seyssinet-Pariset;45.179901;5.686156;19.0;HAUT LE PIED;94;
04/12/23 06:32:13;Rue de la Résistance, Seyssinet-Pariset;45.179127;5.685679;16.0;HAUT LE PIED;68;
04/12/23 06:32:33;Rue de la Résistance, Seyssinet-Pariset;45.178562;5.685362;;ARRET;1;
04/12/23 06:32:36;Rue de la Résistance, Seyssinet-Pariset;45.17857;5.685367;;COLLECTE;1;
04/12/23 06:32:43;Rue de la Résistance, Seyssinet-Pariset;45.178581;5.685372;;ARRET;0;
04/12/23 06:32:44;Rue de la Résistance, Seyssinet-Pariset;45.178585;5.685373;0.0;ARRET;0;
04/12/23 06:32:46;Rue de la Résistance, Seyssinet-Pariset;45.178585;5.685373;;ARRET;26;
04/12/23 06:32:53;Rue de la Résistance, Seyssinet-Pariset;45.178356;5.68539;12.0;HAUT LE PIED;6;
04/12/23 06:32:57;Rue de la Résistance, Seyssinet-Pariset;45.178307;5.6854;;ARRET;1;
04/12/23 06:33:03;Rue de la Résistance, Seyssinet-Pariset;45.178314;5.68541;;COLLECTE;0;
04/12/23 06:33:03;Rue de la Résistance, Seyssinet-Pariset;45.178314;5.68541;;COLLECTE;1;
04/12/23 06:33:11;Rue de la Résistance, Seyssinet-Pariset;45.178314;5.685423;;COLLECTE;0;
04/12/23 06:33:11;Rue de la Résistance, Seyssinet-Pariset;45.178314;5.685423;;ARRET;0;
04/12/23 06:33:21;Rue de la Résistance, Seyssinet-Pariset;45.178314;5.685423;;COLLECTE;0;
04/12/23 06:33:21;Rue de la Résistance, Seyssinet-Pariset;45.178314;5.685423;;COLLECTE;0;
04/12/23 06:33:24;Rue de la Résistance, Seyssinet-Pariset;45.178314;5.685423;0.0;COLLECTE;0;
04/12/23 06:33:29;Rue de la Résistance, Seyssinet-Pariset;45.178314;5.685423;;COLLECTE;0;
04/12/23 06:33:29;Rue de la Résistance, Seyssinet-Pariset;45.178314;5.685423;;ARRET;1;
04/12/23 06:33:37;Rue de la Résistance, Seyssinet-Pariset;45.178318;5.685426;;COLLECTE;0;
04/12/23 06:33:39;Rue de la Résistance, Seyssinet-Pariset;45.178318;5.685426;;COLLECTE;0;
04/12/23 06:33:45;Rue de la Résistance, Seyssinet-Pariset;45.178318;5.685427;;COLLECTE;0;
04/12/23 06:33:46;Rue de la Résistance, Seyssinet-Pariset;45.178318;5.685427;;ARRET;0;
04/12/23 06:33:53;Rue de la Résistance, Seyssinet-Pariset;45.178318;5.685427;;ARRET;28;
04/12/23 06:34:04;Rue de la Résistance, Seyssinet-Pariset;45.178074;5.685498;11.0;HAUT LE PIED;22;
04/12/23 06:34:08;Rue de la Résistance, Seyssinet-Pariset;45.177887;5.685596;18.0;HAUT LE PIED;27;
04/12/23 06:34:13;Rue de la Résistance, Seyssinet-Pariset;45.177654;5.685703;16.0;HAUT LE PIED;19;
04/12/23 06:34:25;Rue de la Résistance, Seyssinet-Pariset;45.177494;5.685771;;ARRET;1;
04/12/23 06:34:32;Rue de la Résistance, Seyssinet-Pariset;45.177502;5.685786;;COLLECTE;1;
04/12/23 06:34:34;Rue de la Résistance, Seyssinet-Pariset;45.177498;5.685789;;COLLECTE;1;
04/12/23 06:34:39;Rue de la Résistance, Seyssinet-Pariset;45.177494;5.685795;;COLLECTE;0;
04/12/23 06:34:41;Rue de la Résistance, Seyssinet-Pariset;45.17749;5.685795;;ARRET;0;
04/12/23 06:34:44;Rue de la Résistance, Seyssinet-Pariset;45.17749;5.685795;0.0;ARRET;0;
04/12/23 06:34:47;Rue de la Résistance, Seyssinet-Pariset;45.17749;5.685795;;COLLECTE;0;
04/12/23 06:34:54;Rue de la Résistance, Seyssinet-Pariset;45.17749;5.685795;;ARRET;0;
04/12/23 06:34:58;Rue de la Résistance, Seyssinet-Pariset;45.177486;5.685796;;ARRET;26;
04/12/23 06:35:08;Rue de la Résistance, Seyssinet-Pariset;45.177258;5.68589;9.0;HAUT LE PIED;2;
04/12/23 06:35:10;Rue de la Résistance, Seyssinet-Pariset;45.177246;5.685904;;ARRET;2;
04/12/23 06:35:18;Rue de la Résistance, Seyssinet-Pariset;45.177231;5.685904;;COLLECTE;0;
04/12/23 06:35:19;Rue de la Résistance, Seyssinet-Pariset;45.177231;5.685905;;COLLECTE;1;
04/12/23 06:35:25;Rue de la Résistance, Seyssinet-Pariset;45.177235;5.685908;;COLLECTE;0;
04/12/23 06:35:26;Rue de la Résistance, Seyssinet-Pariset;45.177235;5.685908;;ARRET;0;
04/12/23 06:35:39;Rue de la Résistance, Seyssinet-Pariset;45.177235;5.685908;;COLLECTE;0;
04/12/23 06:35:40;Rue de la Résistance, Seyssinet-Pariset;45.177235;5.685908;;COLLECTE;0;
04/12/23 06:35:47;Rue de la Résistance, Seyssinet-Pariset;45.177235;5.685908;;COLLECTE;0;
04/12/23 06:35:47;Rue de la Résistance, Seyssinet-Pariset;45.177235;5.685908;;ARRET;0;
04/12/23 06:36:01;Rue de la Résistance, Seyssinet-Pariset;45.177235;5.685908;;COLLECTE;0;
04/12/23 06:36:02;Rue de la Résistance, Seyssinet-Pariset;45.177235;5.685908;;COLLECTE;0;
04/12/23 06:36:08;Rue de la Résistance, Seyssinet-Pariset;45.177235;5.685908;;COLLECTE;0;
04/12/23 06:36:09;Rue de la Résistance, Seyssinet-Pariset;45.177235;5.685908;;ARRET;0;
04/12/23 06:36:26;Rue de la Résistance, Seyssinet-Pariset;45.177235;5.685907;;COLLECTE;0;
04/12/23 06:36:26;Rue de la Résistance, Seyssinet-Pariset;45.177235;5.685907;;COLLECTE;0;
04/12/23 06:36:33;Rue de la Résistance, Seyssinet-Pariset;45.177231;5.685906;;COLLECTE;0;
04/12/23 06:36:33;Rue de la Résistance, Seyssinet-Pariset;45.177231;5.685906;;ARRET;0;
04/12/23 06:36:42;Rue de la Résistance, Seyssinet-Pariset;45.177231;5.685907;;COLLECTE;0;
04/12/23 06:36:46;Rue de la Résistance, Seyssinet-Pariset;45.177231;5.685907;;COLLECTE;0;
04/12/23 06:36:49;Rue de la Résistance, Seyssinet-Pariset;45.177231;5.685907;;COLLECTE;0;
04/12/23 06:36:55;Rue de la Résistance, Seyssinet-Pariset;45.177231;5.685907;;ARRET;0;
04/12/23 06:37:06;Rue de la Résistance, Seyssinet-Pariset;45.177231;5.685907;;ARRET;15;
04/12/23 06:37:20;Rue de la Résistance, Seyssinet-Pariset;45.177109;5.685991;;ARRET;2;
04/12/23 06:37:27;Rue de la Résistance, Seyssinet-Pariset;45.177101;5.686016;;COLLECTE;1;
04/12/23 06:37:29;Rue de la Résistance, Seyssinet-Pariset;45.177101;5.686024;;COLLECTE;1;
04/12/23 06:37:37;Rue de la Résistance, Seyssinet-Pariset;45.177101;5.686032;;COLLECTE;0;
04/12/23 06:37:37;Rue de la Résistance, Seyssinet-Pariset;45.177101;5.686032;;ARRET;0;
04/12/23 06:37:46;Rue de la Résistance, Seyssinet-Pariset;45.177101;5.686032;;COLLECTE;0;
04/12/23 06:37:48;Rue de la Résistance, Seyssinet-Pariset;45.177101;5.686032;;COLLECTE;0;
04/12/23 06:37:53;Rue de la Résistance, Seyssinet-Pariset;45.177101;5.686032;;COLLECTE;0;
04/12/23 06:37:55;Rue de la Résistance, Seyssinet-Pariset;45.177101;5.686032;;ARRET;0;
04/12/23 06:38:03;Rue de la Résistance, Seyssinet-Pariset;45.177101;5.686034;;ARRET;10;
04/12/23 06:38:06;Rue de la Résistance, Seyssinet-Pariset;45.177021;5.686081;10.0;HAUT LE PIED;49;
04/12/23 06:38:19;Rue de la Résistance, Seyssinet-Pariset;45.176609;5.686305;14.0;HAUT LE PIED;18;
04/12/23 06:38:22;Rue de la Résistance, Seyssinet-Pariset;45.17646;5.686395;21.0;HAUT LE PIED;13;
04/12/23 06:38:25;Inconnu, Seyssinet-Pariset;45.176445;5.686564;15.0;HAUT LE PIED;7;
04/12/23 06:38:28;Inconnu, Seyssinet-Pariset;45.176487;5.686637;;ARRET;2;
04/12/23 06:38:30;Inconnu, Seyssinet-Pariset;45.176502;5.686651;;MARCHE ARRIERE;11;
04/12/23 06:38:44;Inconnu, Seyssinet-Pariset;45.176434;5.686545;;ARRET;1;
04/12/23 06:38:51;Inconnu, Seyssinet-Pariset;45.176434;5.686534;;COLLECTE;0;
04/12/23 06:38:51;Inconnu, Seyssinet-Pariset;45.176434;5.686534;;COLLECTE;1;
04/12/23 06:38:56;Inconnu, Seyssinet-Pariset;45.176441;5.686531;0.0;COLLECTE;0;
04/12/23 06:38:59;Inconnu, Seyssinet-Pariset;45.176441;5.686531;;COLLECTE;0;
04/12/23 06:38:59;Inconnu, Seyssinet-Pariset;45.176441;5.686531;;ARRET;0;
04/12/23 06:39:06;Inconnu, Seyssinet-Pariset;45.176441;5.686531;;COLLECTE;0;
04/12/23 06:39:08;Inconnu, Seyssinet-Pariset;45.176441;5.686531;;COLLECTE;0;
04/12/23 06:39:13;Inconnu, Seyssinet-Pariset;45.176441;5.686531;;COLLECTE;0;
04/12/23 06:39:15;Inconnu, Seyssinet-Pariset;45.176441;5.686531;;ARRET;0;
04/12/23 06:39:25;Inconnu, Seyssinet-Pariset;45.176445;5.686531;;COLLECTE;0;
04/12/23 06:39:26;Inconnu, Seyssinet-Pariset;45.176445;5.686531;;COLLECTE;0;
04/12/23 06:39:33;Inconnu, Seyssinet-Pariset;45.176445;5.686531;;COLLECTE;0;
04/12/23 06:39:33;Inconnu, Seyssinet-Pariset;45.176445;5.686531;;ARRET;0;
04/12/23 06:39:47;Inconnu, Seyssinet-Pariset;45.176445;5.686531;;COLLECTE;0;
04/12/23 06:39:48;Inconnu, Seyssinet-Pariset;45.176445;5.686531;;COLLECTE;0;
04/12/23 06:39:55;Inconnu, Seyssinet-Pariset;45.176445;5.68653;;COLLECTE;0;
04/12/23 06:39:55;Inconnu, Seyssinet-Pariset;45.176445;5.68653;;ARRET;0;
04/12/23 06:40:02;Inconnu, Seyssinet-Pariset;45.176445;5.68653;;COLLECTE;0;
04/12/23 06:40:11;Inconnu, Seyssinet-Pariset;45.176445;5.68653;;ARRET;27;
04/12/23 06:40:40;D 106B, Seyssinet-Pariset;45.17654;5.686842;13.0;HAUT LE PIED;13;
04/12/23 06:40:43;D 106B, Seyssinet-Pariset;45.176449;5.686936;15.0;HAUT LE PIED;29;
04/12/23 06:40:49;D 106B, Seyssinet-Pariset;45.176189;5.687001;16.0;HAUT LE PIED;17;
04/12/23 06:40:52;Route de Saint-Nizier, Seyssinet-Pariset;45.176067;5.686865;24.0;HAUT LE PIED;139;
04/12/23 06:41:08;Inconnu, Seyssinet-Pariset;45.175133;5.685684;31.0;HAUT LE PIED;131;
04/12/23 06:41:22;Rue Antoine Chollier, Seyssinet-Pariset;45.174118;5.684838;35.0;HAUT LE PIED;52;
04/12/23 06:41:27;Avenue Hector Berlioz, Seyssinet-Pariset;45.173656;5.684782;41.0;HAUT LE PIED;52;
04/12/23 06:41:32;Avenue Hector Berlioz, Seyssinet-Pariset;45.173191;5.684711;40.0;HAUT LE PIED;33;
04/12/23 06:41:35;Avenue Hector Berlioz, Seyssinet-Pariset;45.172916;5.684552;41.0;HAUT LE PIED;136;
04/12/23 06:41:47;Avenue Hector Berlioz, Seyssinet-Pariset;45.171894;5.683599;32.0;HAUT LE PIED;26;
04/12/23 06:41:50;Avenue Hector Berlioz, Seyssinet-Pariset;45.171837;5.683284;33.0;HAUT LE PIED;38;
04/12/23 06:41:54;Avenue Hector Berlioz, Seyssinet-Pariset;45.171761;5.682817;36.0;HAUT LE PIED;39;
04/12/23 06:41:58;Avenue Hector Berlioz, Seyssinet-Pariset;45.171543;5.682425;33.0;HAUT LE PIED;32;
04/12/23 06:42:01;Avenue Hector Berlioz, Seyssinet-Pariset;45.171364;5.682102;36.0;HAUT LE PIED;28;
04/12/23 06:42:04;Avenue Hector Berlioz, Seyssinet-Pariset;45.171318;5.681752;36.0;HAUT LE PIED;30;
04/12/23 06:42:07;Avenue Hector Berlioz, Seyssinet-Pariset;45.171425;5.681404;37.0;HAUT LE PIED;22;
04/12/23 06:42:10;Rue Antoine Chollier, Seyssinet-Pariset;45.171486;5.681139;23.0;HAUT LE PIED;20;
04/12/23 06:42:13;Avenue Hector Berlioz, Seyssinet-Pariset;45.171371;5.68094;25.0;HAUT LE PIED;21;
04/12/23 06:42:16;Avenue Hector Berlioz, Seyssinet-Pariset;45.171181;5.680892;26.0;HAUT LE PIED;89;
04/12/23 06:42:27;Avenue Hector Berlioz, Seyssinet-Pariset;45.170399;5.680652;18.0;HAUT LE PIED;10;
04/12/23 06:42:47;Avenue Hector Berlioz, Seyssinet-Pariset;45.170315;5.680616;;COLLECTE;1;
04/12/23 06:42:54;Avenue Hector Berlioz, Seyssinet-Pariset;45.170303;5.680623;;ARRET;0;
04/12/23 06:42:57;Avenue Hector Berlioz, Seyssinet-Pariset;45.170303;5.680624;;ARRET;27;
04/12/23 06:43:23;Avenue Hector Berlioz, Seyssinet-Pariset;45.170074;5.680515;8.0;HAUT LE PIED;9;
04/12/23 06:43:27;Avenue Hector Berlioz, Seyssinet-Pariset;45.169994;5.680477;;ARRET;10;
04/12/23 06:43:28;Avenue Hector Berlioz, Seyssinet-Pariset;45.169903;5.680465;21.0;HAUT LE PIED;57;
04/12/23 06:43:39;Avenue Hector Berlioz, Seyssinet-Pariset;45.169392;5.680421;19.0;HAUT LE PIED;25;
04/12/23 06:43:43;Avenue Hector Berlioz, Seyssinet-Pariset;45.16917;5.680453;26.0;HAUT LE PIED;21;
04/12/23 06:43:46;Avenue Hector Berlioz, Seyssinet-Pariset;45.169014;5.680306;24.0;HAUT LE PIED;23;
04/12/23 06:43:49;Avenue Hector Berlioz, Seyssinet-Pariset;45.168976;5.680014;28.0;HAUT LE PIED;25;
04/12/23 06:43:54;Inconnu, Seyssinet-Pariset;45.168926;5.679702;;ARRET;11;
04/12/23 06:43:58;Avenue Hector Berlioz, Seyssinet-Pariset;45.168877;5.679575;;ARRET;2;
04/12/23 06:44:19;Inconnu, Seyssinet-Pariset;45.168892;5.67958;;COLLECTE;0;
04/12/23 06:44:20;Inconnu, Seyssinet-Pariset;45.168892;5.67958;;COLLECTE;0;
04/12/23 06:44:20;Inconnu, Seyssinet-Pariset;45.168892;5.67958;;COLLECTE;0;
04/12/23 06:44:20;Inconnu, Seyssinet-Pariset;45.168892;5.67958;;COLLECTE;0;
04/12/23 06:44:24;Inconnu, Seyssinet-Pariset;45.168892;5.67958;0.0;COLLECTE;0;
04/12/23 06:44:30;Inconnu, Seyssinet-Pariset;45.168892;5.679579;;COLLECTE;0;
04/12/23 06:44:30;Inconnu, Seyssinet-Pariset;45.168892;5.679579;;ARRET;0;
04/12/23 06:44:47;Inconnu, Seyssinet-Pariset;45.168892;5.679579;;ARRET;0;
04/12/23 06:44:49;Inconnu, Seyssinet-Pariset;45.168892;5.679579;;ARRET;2;
04/12/23 06:45:23;Inconnu, Seyssinet-Pariset;45.168907;5.6796;;ARRET;1;
04/12/23 06:45:26;Inconnu, Seyssinet-Pariset;45.168911;5.679597;;ARRET;0;
04/12/23 06:45:52;Inconnu, Seyssinet-Pariset;45.168907;5.679598;;MARCHE ARRIERE;1;
04/12/23 06:46:07;Inconnu, Seyssinet-Pariset;45.168907;5.679608;;ARRET;0;
04/12/23 06:46:09;Inconnu, Seyssinet-Pariset;45.168907;5.679603;;ARRET;5;
04/12/23 06:46:17;Route de Saint-Nizier, Seyssinet-Pariset;45.168873;5.679559;;ARRET;25;
04/12/23 06:46:26;Route de Saint-Nizier, Seyssinet-Pariset;45.168755;5.679285;16.0;HAUT LE PIED;42;
04/12/23 06:46:33;Route de Saint-Nizier, Seyssinet-Pariset;45.168495;5.678896;24.0;HAUT LE PIED;57;
04/12/23 06:46:41;Route de Saint-Nizier, Seyssinet-Pariset;45.168106;5.678417;20.0;HAUT LE PIED;45;
04/12/23 06:46:47;Route de Saint-Nizier, Seyssinet-Pariset;45.167805;5.678027;29.0;HAUT LE PIED;26;
04/12/23 06:46:50;Route de Saint-Nizier, Seyssinet-Pariset;45.167576;5.677973;26.0;HAUT LE PIED;47;
04/12/23 06:46:56;Route de Saint-Nizier, Seyssinet-Pariset;45.167156;5.677974;24.0;HAUT LE PIED;20;
04/12/23 06:46:59;Route de Saint-Nizier, Seyssinet-Pariset;45.167019;5.677816;24.0;HAUT LE PIED;22;
04/12/23 06:47:02;Route de Saint-Nizier, Seyssinet-Pariset;45.167107;5.677561;23.0;HAUT LE PIED;21;
04/12/23 06:47:05;Route de Saint-Nizier, Seyssinet-Pariset;45.167274;5.677445;27.0;HAUT LE PIED;34;
04/12/23 06:47:09;Route de Saint-Nizier, Seyssinet-Pariset;45.167576;5.677492;35.0;HAUT LE PIED;100;
04/12/23 06:47:19;Route de Saint-Nizier, Seyssinet-Pariset;45.168396;5.678027;32.0;HAUT LE PIED;31;
04/12/23 06:47:22;Route de Saint-Nizier, Seyssinet-Pariset;45.168667;5.677966;36.0;HAUT LE PIED;50;
04/12/23 06:47:27;Route de Saint-Nizier, Seyssinet-Pariset;45.169094;5.677748;36.0;HAUT LE PIED;31;
04/12/23 06:47:30;Route de Saint-Nizier, Seyssinet-Pariset;45.169369;5.677814;40.0;HAUT LE PIED;135;
04/12/23 06:47:42;Route de Saint-Nizier, Seyssinet-Pariset;45.170578;5.678005;43.0;HAUT LE PIED;61;
04/12/23 06:47:48;Route de Saint-Nizier, Seyssinet-Pariset;45.171112;5.678185;42.0;HAUT LE PIED;92;
04/12/23 06:47:57;Route de Saint-Nizier, Seyssinet-Pariset;45.171894;5.678566;;ARRET;8;
04/12/23 06:47:58;Route de Saint-Nizier, Seyssinet-Pariset;45.171967;5.678584;10.0;HAUT LE PIED;3;
04/12/23 06:48:01;Route de Saint-Nizier, Seyssinet-Pariset;45.171989;5.678574;;ARRET;2;
04/12/23 06:48:12;Route de Saint-Nizier, Seyssinet-Pariset;45.17197;5.678582;;COLLECTE;0;
04/12/23 06:48:14;Route de Saint-Nizier, Seyssinet-Pariset;45.17197;5.678582;;ARRET;0;
04/12/23 06:48:14;Route de Saint-Nizier, Seyssinet-Pariset;45.17197;5.678582;;COLLECTE;0;
04/12/23 06:48:14;Route de Saint-Nizier, Seyssinet-Pariset;45.17197;5.678582;;COLLECTE;0;
04/12/23 06:48:27;Route de Saint-Nizier, Seyssinet-Pariset;45.17197;5.678582;;COLLECTE;0;
04/12/23 06:48:28;Route de Saint-Nizier, Seyssinet-Pariset;45.17197;5.678582;;COLLECTE;0;
04/12/23 06:48:28;Route de Saint-Nizier, Seyssinet-Pariset;45.17197;5.678582;;COLLECTE;1;
04/12/23 06:48:29;Route de Saint-Nizier, Seyssinet-Pariset;45.171963;5.678576;0.0;COLLECTE;0;
04/12/23 06:48:30;Route de Saint-Nizier, Seyssinet-Pariset;45.171963;5.678576;;ARRET;2;
04/12/23 06:48:49;Route de Saint-Nizier, Seyssinet-Pariset;45.171951;5.678557;;COLLECTE;0;
04/12/23 06:48:51;Route de Saint-Nizier, Seyssinet-Pariset;45.171951;5.678557;;ARRET;0;
04/12/23 06:48:51;Route de Saint-Nizier, Seyssinet-Pariset;45.171951;5.678557;;COLLECTE;0;
04/12/23 06:48:51;Route de Saint-Nizier, Seyssinet-Pariset;45.171951;5.678557;;COLLECTE;0;
04/12/23 06:48:59;Route de Saint-Nizier, Seyssinet-Pariset;45.171947;5.678555;;COLLECTE;0;
04/12/23 06:48:59;Route de Saint-Nizier, Seyssinet-Pariset;45.171947;5.678555;;COLLECTE;0;
04/12/23 06:48:59;Route de Saint-Nizier, Seyssinet-Pariset;45.171947;5.678555;;COLLECTE;1;
04/12/23 06:49:02;Route de Saint-Nizier, Seyssinet-Pariset;45.171944;5.678547;;ARRET;1;
04/12/23 06:52:41;Route de Saint-Nizier, Seyssinet-Pariset;45.171955;5.67855;;ARRET;3;
04/12/23 06:52:43;Route de Saint-Nizier, Seyssinet-Pariset;45.171982;5.678539;;ARRET;80;
04/12/23 06:53:00;Route de Saint-Nizier, Seyssinet-Pariset;45.17268;5.678758;22.0;HAUT LE PIED;165;
04/12/23 06:53:24;Route de Saint-Nizier, Seyssinet-Pariset;45.174057;5.679532;;ARRET;0;
04/12/23 06:53:26;Route de Saint-Nizier, Seyssinet-Pariset;45.174061;5.679535;;ARRET;1;
04/12/23 06:53:31;Route de Saint-Nizier, Seyssinet-Pariset;45.174068;5.679524;;ARRET;0;
04/12/23 06:53:32;Route de Saint-Nizier, Seyssinet-Pariset;45.174068;5.679522;0.0;ARRET;1;
04/12/23 06:53:33;Route de Saint-Nizier, Seyssinet-Pariset;45.17408;5.679525;;ARRET;28;
04/12/23 06:53:41;Route de Saint-Nizier, Seyssinet-Pariset;45.174309;5.679675;19.0;HAUT LE PIED;21;
04/12/23 06:53:45;Route de Saint-Nizier, Seyssinet-Pariset;45.174461;5.67984;23.0;HAUT LE PIED;41;
04/12/23 06:53:51;Route de Saint-Nizier, Seyssinet-Pariset;45.174683;5.680252;29.0;HAUT LE PIED;77;
04/12/23 06:54:00;Route de Saint-Nizier, Seyssinet-Pariset;45.175034;5.681103;35.0;HAUT LE PIED;39;
04/12/23 06:54:04;Route de Saint-Nizier, Seyssinet-Pariset;45.175316;5.681403;40.0;HAUT LE PIED;51;
04/12/23 06:54:09;Route de Saint-Nizier, Seyssinet-Pariset;45.175755;5.68158;36.0;HAUT LE PIED;89;
04/12/23 06:54:19;Route de Saint-Nizier, Seyssinet-Pariset;45.176552;5.681493;;ARRET;17;
04/12/23 06:54:23;Route de Saint-Nizier, Seyssinet-Pariset;45.176708;5.681474;;ARRET;2;
04/12/23 06:54:35;Route de Saint-Nizier, Seyssinet-Pariset;45.176727;5.681478;;COLLECTE;0;
04/12/23 06:54:36;Route de Saint-Nizier, Seyssinet-Pariset;45.176727;5.681478;;COLLECTE;0;
04/12/23 06:54:40;Route de Saint-Nizier, Seyssinet-Pariset;45.176723;5.68148;0.0;COLLECTE;0;
04/12/23 06:54:43;Route de Saint-Nizier, Seyssinet-Pariset;45.176723;5.681481;;COLLECTE;0;
04/12/23 06:54:44;Route de Saint-Nizier, Seyssinet-Pariset;45.176723;5.681481;;ARRET;0;
04/12/23 06:54:49;Route de Saint-Nizier, Seyssinet-Pariset;45.176723;5.68148;;ARRET;1;
04/12/23 06:54:51;Route de Saint-Nizier, Seyssinet-Pariset;45.176735;5.681477;;ARRET;91;
04/12/23 06:55:11;Route de Saint-Nizier, Seyssinet-Pariset;45.177551;5.681434;24.0;HAUT LE PIED;46;
04/12/23 06:55:17;Route de Saint-Nizier, Seyssinet-Pariset;45.177959;5.681522;27.0;HAUT LE PIED;16;
04/12/23 06:55:20;Chemin du Génie, Fontaine;45.178085;5.681413;13.0;HAUT LE PIED;3;
04/12/23 06:55:22;Chemin du Génie, Fontaine;45.178093;5.681377;;ARRET;3;
04/12/23 06:55:24;Chemin du Génie, Fontaine;45.178097;5.681342;;ARRET;2;
04/12/23 06:55:49;Chemin du Génie, Fontaine;45.178093;5.681316;;COLLECTE;0;
04/12/23 06:55:50;Chemin du Génie, Fontaine;45.178093;5.681316;;COLLECTE;0;
04/12/23 06:55:50;Chemin du Génie, Fontaine;45.178093;5.681316;;COLLECTE;0;
04/12/23 06:55:50;Chemin du Génie, Fontaine;45.178093;5.681316;;COLLECTE;0;
04/12/23 06:55:51;Chemin du Génie, Fontaine;45.178093;5.681316;0.0;COLLECTE;0;
04/12/23 06:56:00;Chemin du Génie, Fontaine;45.178093;5.681315;;COLLECTE;0;
04/12/23 06:56:00;Chemin du Génie, Fontaine;45.178093;5.681315;;COLLECTE;0;
04/12/23 06:56:00;Chemin du Génie, Fontaine;45.178093;5.681315;;COLLECTE;0;
04/12/23 06:56:02;Chemin du Génie, Fontaine;45.178093;5.681315;;ARRET;0;
04/12/23 06:56:06;Chemin du Génie, Fontaine;45.178093;5.681315;;ARRET;3;
04/12/23 06:56:08;Chemin du Génie, Fontaine;45.178089;5.681272;;ARRET;25;
04/12/23 06:56:15;Route de Saint-Nizier, Seyssinet-Pariset;45.177952;5.681016;16.0;HAUT LE PIED;15;
04/12/23 06:56:18;Route de Saint-Nizier, Seyssinet-Pariset;45.177826;5.680962;20.0;HAUT LE PIED;44;
04/12/23 06:56:25;Route de Saint-Nizier, Seyssinet-Pariset;45.177429;5.680899;24.0;HAUT LE PIED;106;
04/12/23 06:56:38;Route de Saint-Nizier, Seyssinet-Pariset;45.176563;5.680336;30.0;HAUT LE PIED;105;
04/12/23 06:56:50;Route de Saint-Nizier, Seyssinet-Pariset;45.17585;5.679459;33.0;HAUT LE PIED;24;
04/12/23 06:56:53;Route de Saint-Nizier, Seyssinet-Pariset;45.1758;5.67916;29.0;HAUT LE PIED;24;
04/12/23 06:56:56;Route de Saint-Nizier, Seyssinet-Pariset;45.175922;5.678904;29.0;HAUT LE PIED;43;
04/12/23 06:57:01;Route de Saint-Nizier, Seyssinet-Pariset;45.176147;5.678463;31.0;HAUT LE PIED;28;
04/12/23 06:57:06;Inconnu, Seyssinet-Pariset;45.176224;5.678121;15.0;HAUT LE PIED;9;
04/12/23 06:57:09;Inconnu, Seyssinet-Pariset;45.176201;5.67801;;ARRET;11;
04/12/23 06:57:12;Route de Saint-Nizier, Seyssinet-Pariset;45.176102;5.677991;8.0;HAUT LE PIED;2;
04/12/23 06:57:14;Route de Saint-Nizier, Seyssinet-Pariset;45.176086;5.678006;;ARRET;4;
04/12/23 06:57:25;Route de Saint-Nizier, Seyssinet-Pariset;45.176064;5.67804;;COLLECTE;0;
04/12/23 06:57:26;Route de Saint-Nizier, Seyssinet-Pariset;45.176067;5.67804;;COLLECTE;0;
04/12/23 06:57:26;Route de Saint-Nizier, Seyssinet-Pariset;45.176067;5.67804;;COLLECTE;0;
04/12/23 06:57:27;Route de Saint-Nizier, Seyssinet-Pariset;45.176067;5.678039;;COLLECTE;1;
04/12/23 06:57:37;Route de Saint-Nizier, Seyssinet-Pariset;45.176071;5.678035;;COLLECTE;0;
04/12/23 06:57:37;Route de Saint-Nizier, Seyssinet-Pariset;45.176071;5.678035;;ARRET;0;
04/12/23 06:57:42;Route de Saint-Nizier, Seyssinet-Pariset;45.176071;5.678035;;ARRET;0;
04/12/23 06:57:43;Route de Saint-Nizier, Seyssinet-Pariset;45.176071;5.678035;;ARRET;28;
04/12/23 06:58:07;Route de Saint-Nizier, Seyssinet-Pariset;45.175819;5.678078;17.0;HAUT LE PIED;33;
04/12/23 06:58:13;Route de Saint-Nizier, Seyssinet-Pariset;45.175526;5.678088;23.0;HAUT LE PIED;90;
04/12/23 06:58:25;Route de Saint-Nizier, Seyssinet-Pariset;45.174782;5.677631;30.0;HAUT LE PIED;120;
04/12/23 06:58:39;Route de Saint-Nizier, Seyssinet-Pariset;45.173935;5.676683;30.0;HAUT LE PIED;182;
04/12/23 06:58:59;Route de Saint-Nizier, Seyssinet-Pariset;45.172688;5.675179;34.0;HAUT LE PIED;146;
04/12/23 06:59:12;Route de Saint-Nizier, Seyssinet-Pariset;45.171852;5.67374;48.0;HAUT LE PIED;150;
04/12/23 06:59:23;Route de Saint-Nizier, Seyssinet-Pariset;45.170631;5.672929;48.0;HAUT LE PIED;77;
04/12/23 06:59:29;Route de Saint-Nizier, Seyssinet-Pariset;45.170025;5.672458;43.0;HAUT LE PIED;145;
04/12/23 06:59:41;Route de Saint-Nizier, Seyssinet-Pariset;45.168995;5.671326;43.0;HAUT LE PIED;90;
04/12/23 06:59:49;Route de Saint-Nizier, Seyssinet-Pariset;45.168209;5.671031;40.0;HAUT LE PIED;126;
04/12/23 07:00:00;Route de Saint-Nizier, Seyssinet-Pariset;45.16708;5.670901;41.0;HAUT LE PIED;64;
04/12/23 07:00:06;Route de Saint-Nizier, Seyssinet-Pariset;45.166565;5.670552;36.0;HAUT LE PIED;29;
04/12/23 07:00:09;Route de Saint-Nizier, Seyssinet-Pariset;45.166302;5.670572;37.0;HAUT LE PIED;31;
04/12/23 07:00:12;Route de Saint-Nizier, Seyssinet-Pariset;45.166042;5.670696;34.0;HAUT LE PIED;42;
04/12/23 07:00:16;Route de Saint-Nizier, Seyssinet-Pariset;45.165768;5.671062;39.0;HAUT LE PIED;91;
04/12/23 07:00:26;Route de Saint-Nizier, Seyssinet-Pariset;45.165218;5.671921;35.0;HAUT LE PIED;60;
04/12/23 07:00:31;Route de Saint-Nizier, Seyssinet-Pariset;45.1647;5.67213;36.0;HAUT LE PIED;60;
04/12/23 07:00:38;Route de Saint-Nizier, Seyssinet-Pariset;45.164165;5.672109;33.0;HAUT LE PIED;25;
04/12/23 07:00:40;Route de Saint-Nizier, Seyssinet-Pariset;45.16396;5.671965;26.0;HAUT LE PIED;17;
04/12/23 07:00:43;Route de Saint-Nizier, Seyssinet-Pariset;45.163902;5.671759;21.0;HAUT LE PIED;16;
04/12/23 07:00:46;Route de Saint-Nizier, Seyssinet-Pariset;45.163998;5.671613;20.0;HAUT LE PIED;18;
04/12/23 07:00:49;Route de Saint-Nizier, Seyssinet-Pariset;45.164154;5.671647;21.0;HAUT LE PIED;53;
04/12/23 07:00:56;Route de Saint-Nizier, Seyssinet-Pariset;45.164627;5.671704;30.0;HAUT LE PIED;25;
04/12/23 07:00:59;Bel Air, Seyssinet-Pariset;45.164829;5.671559;31.0;HAUT LE PIED;20;
04/12/23 07:01:02;Bel Air, Seyssinet-Pariset;45.16494;5.671362;15.0;HAUT LE PIED;4;
04/12/23 07:01:04;Bel Air, Seyssinet-Pariset;45.164959;5.671318;;ARRET;4;
04/12/23 07:01:06;Route de Saint-Nizier, Seyssinet-Pariset;45.16497;5.671263;;ARRET;1;
04/12/23 07:01:21;Route de Saint-Nizier, Seyssinet-Pariset;45.164978;5.671257;;ARRET;0;
04/12/23 07:01:23;Route de Saint-Nizier, Seyssinet-Pariset;45.164978;5.671257;;ARRET;21;
04/12/23 07:01:30;Route de Saint-Nizier, Seyssinet-Pariset;45.164986;5.670984;19.0;HAUT LE PIED;19;
04/12/23 07:01:34;Route de Saint-Nizier, Seyssinet-Pariset;45.164936;5.67075;19.0;HAUT LE PIED;19;
04/12/23 07:01:37;Route de Saint-Nizier, Seyssinet-Pariset;45.164837;5.670548;24.0;HAUT LE PIED;20;
04/12/23 07:01:40;Route de Saint-Nizier, Seyssinet-Pariset;45.164692;5.670393;25.0;HAUT LE PIED;24;
04/12/23 07:01:43;Route de Saint-Nizier, Seyssinet-Pariset;45.164482;5.670319;28.0;HAUT LE PIED;82;
04/12/23 07:01:53;Route de Saint-Nizier, Seyssinet-Pariset;45.163746;5.670274;34.0;HAUT LE PIED;110;
04/12/23 07:02:03;Route de Saint-Nizier, Seyssinet-Pariset;45.162773;5.67049;31.0;HAUT LE PIED;28;
04/12/23 07:02:06;Route de Saint-Nizier, Seyssinet-Pariset;45.16254;5.670353;34.0;HAUT LE PIED;28;
04/12/23 07:02:09;Route de Saint-Nizier, Seyssinet-Pariset;45.162399;5.670055;34.0;HAUT LE PIED;57;
04/12/23 07:02:15;Route de Saint-Nizier, Seyssins;45.162155;5.669412;38.0;HAUT LE PIED;111;
04/12/23 07:02:27;Route de Saint-Nizier, Seyssins;45.16132;5.668639;33.0;HAUT LE PIED;38;
04/12/23 07:02:31;Route de Saint-Nizier, Seyssins;45.161072;5.668312;32.0;HAUT LE PIED;41;
04/12/23 07:02:36;Route de Saint-Nizier, Seyssins;45.160774;5.668005;22.0;HAUT LE PIED;16;
04/12/23 07:02:39;Route de Saint-Nizier, Seyssinet-Pariset;45.160774;5.667798;21.0;HAUT LE PIED;14;
04/12/23 07:02:42;Route de Saint-Nizier, Seyssinet-Pariset;45.160889;5.667733;19.0;HAUT LE PIED;24;
04/12/23 07:02:46;Route de Saint-Nizier, Seyssinet-Pariset;45.161091;5.667837;25.0;HAUT LE PIED;149;
04/12/23 07:03:03;Route de Saint-Nizier, Seyssinet-Pariset;45.162315;5.668602;37.0;HAUT LE PIED;45;
04/12/23 07:03:08;Route de Saint-Nizier, Seyssinet-Pariset;45.16272;5.668611;26.0;HAUT LE PIED;149;
04/12/23 07:03:25;Route de Saint-Nizier, Seyssinet-Pariset;45.164059;5.668748;40.0;HAUT LE PIED;105;
04/12/23 07:03:33;Route de Saint-Nizier, Seyssinet-Pariset;45.165001;5.668741;42.0;HAUT LE PIED;109;
04/12/23 07:03:45;Route de Saint-Nizier, Seyssinet-Pariset;45.165939;5.668345;;ARRET;7;
04/12/23 07:03:48;Route de Saint-Nizier, Seyssinet-Pariset;45.165993;5.668308;;ARRET;1;
04/12/23 07:03:53;Route de Saint-Nizier, Seyssinet-Pariset;45.165997;5.668294;;ARRET;1;
04/12/23 07:03:56;Route de Saint-Nizier, Seyssinet-Pariset;45.166004;5.668279;;ARRET;39;
04/12/23 07:04:06;Route de Saint-Nizier, Seyssinet-Pariset;45.166271;5.667959;17.0;HAUT LE PIED;29;
04/12/23 07:04:11;Route de Saint-Nizier, Seyssinet-Pariset;45.166458;5.6677;22.0;HAUT LE PIED;20;
04/12/23 07:04:15;Route de Saint-Nizier, Seyssinet-Pariset;45.166634;5.667633;26.0;HAUT LE PIED;164;
04/12/23 07:04:32;Route de Saint-Nizier, Seyssinet-Pariset;45.168106;5.667616;38.0;HAUT LE PIED;90;
04/12/23 07:04:41;Route de Saint-Nizier, Seyssinet-Pariset;45.168903;5.667827;34.0;HAUT LE PIED;28;
04/12/23 07:04:44;Route de Saint-Nizier, Seyssinet-Pariset;45.169136;5.667682;33.0;HAUT LE PIED;115;
04/12/23 07:04:57;Route de Saint-Nizier, Seyssinet-Pariset;45.170017;5.666915;28.0;HAUT LE PIED;76;
04/12/23 07:05:06;Route de Saint-Nizier, Seyssinet-Pariset;45.1707;5.666804;31.0;HAUT LE PIED;28;
04/12/23 07:05:09;Route de Saint-Nizier, Seyssinet-Pariset;45.170933;5.666923;32.0;HAUT LE PIED;61;
04/12/23 07:05:16;Route de Saint-Nizier, Seyssinet-Pariset;45.171448;5.667179;25.0;HAUT LE PIED;20;
04/12/23 07:05:19;Route de Saint-Nizier, Seyssinet-Pariset;45.171612;5.667089;24.0;HAUT LE PIED;18;
04/12/23 07:05:22;Route de Saint-Nizier, Seyssinet-Pariset;45.171658;5.666864;21.0;HAUT LE PIED;4;
04/12/23 07:05:24;Route de Saint-Nizier, Seyssinet-Pariset;45.171658;5.666816;;ARRET;2;
04/12/23 07:05:26;Route de Saint-Nizier, Seyssinet-Pariset;45.171661;5.666789;;ARRET;2;
04/12/23 07:05:52;Route de Saint-Nizier, Seyssinet-Pariset;45.171665;5.66677;0.0;ARRET;2;
04/12/23 07:06:14;Route de Saint-Nizier, Seyssinet-Pariset;45.171669;5.66674;;COLLECTE;0;
04/12/23 07:06:15;Route de Saint-Nizier, Seyssinet-Pariset;45.171669;5.66674;;COLLECTE;0;
04/12/23 07:06:15;Route de Saint-Nizier, Seyssinet-Pariset;45.171669;5.66674;;COLLECTE;0;
04/12/23 07:06:15;Route de Saint-Nizier, Seyssinet-Pariset;45.171669;5.66674;;COLLECTE;1;
04/12/23 07:06:25;Route de Saint-Nizier, Seyssinet-Pariset;45.171661;5.666736;;COLLECTE;0;
04/12/23 07:06:25;Route de Saint-Nizier, Seyssinet-Pariset;45.171661;5.666736;;ARRET;1;
04/12/23 07:06:51;Route de Saint-Nizier, Seyssinet-Pariset;45.17165;5.666736;;ARRET;0;
04/12/23 07:06:52;Route de Saint-Nizier, Seyssinet-Pariset;45.17165;5.666735;;ARRET;25;
04/12/23 07:07:01;Route de Saint-Nizier, Seyssinet-Pariset;45.171623;5.666416;13.0;HAUT LE PIED;53;
04/12/23 07:07:11;Route de Saint-Nizier, Seyssinet-Pariset;45.171589;5.665741;23.0;HAUT LE PIED;20;
04/12/23 07:07:14;Route de Saint-Nizier, Seyssinet-Pariset;45.171658;5.665503;26.0;HAUT LE PIED;74;
04/12/23 07:07:23;Route de Saint-Nizier, Seyssinet-Pariset;45.172058;5.664749;28.0;HAUT LE PIED;51;
04/12/23 07:07:29;Route de Saint-Nizier, Seyssinet-Pariset;45.172421;5.664348;30.0;HAUT LE PIED;67;
04/12/23 07:07:36;Route de Saint-Nizier, Seyssinet-Pariset;45.172943;5.66392;36.0;HAUT LE PIED;41;
04/12/23 07:07:40;Route de Saint-Nizier, Seyssinet-Pariset;45.173176;5.663513;37.0;HAUT LE PIED;40;
04/12/23 07:07:44;Route de Saint-Nizier, Seyssinet-Pariset;45.173302;5.663032;36.0;HAUT LE PIED;59;
04/12/23 07:07:50;Route de Saint-Nizier, Seyssinet-Pariset;45.173466;5.662317;34.0;HAUT LE PIED;63;
04/12/23 07:07:57;Route de Saint-Nizier, Seyssinet-Pariset;45.17379;5.661653;31.0;HAUT LE PIED;101;
04/12/23 07:08:08;Route de Saint-Nizier, Seyssinet-Pariset;45.173893;5.660372;34.0;HAUT LE PIED;62;
04/12/23 07:08:16;Inconnu, Seyssinet-Pariset;45.174221;5.659735;18.0;HAUT LE PIED;11;
04/12/23 07:08:19;Inconnu, Seyssinet-Pariset;45.174309;5.659678;10.0;HAUT LE PIED;10;
04/12/23 07:08:22;Inconnu, Seyssinet-Pariset;45.174393;5.659705;11.0;HAUT LE PIED;4;
04/12/23 07:08:24;Inconnu, Seyssinet-Pariset;45.174419;5.659732;;ARRET;17;
04/12/23 07:08:27;Inconnu, Seyssinet-Pariset;45.174545;5.659862;16.0;HAUT LE PIED;26;
04/12/23 07:08:32;Inconnu, Seyssinet-Pariset;45.174728;5.660068;20.0;HAUT LE PIED;14;
04/12/23 07:08:35;Inconnu, Seyssinet-Pariset;45.174858;5.660061;19.0;HAUT LE PIED;16;
04/12/23 07:08:38;Inconnu, Seyssinet-Pariset;45.174965;5.659922;21.0;HAUT LE PIED;17;
04/12/23 07:08:41;Inconnu, Seyssinet-Pariset;45.174953;5.659708;23.0;HAUT LE PIED;27;
04/12/23 07:08:46;Inconnu, Seyssinet-Pariset;45.174858;5.659388;12.0;HAUT LE PIED;23;
04/12/23 07:08:51;Inconnu, Seyssinet-Pariset;45.174801;5.6591;9.0;HAUT LE PIED;6;
04/12/23 07:08:55;Inconnu, Seyssinet-Pariset;45.174801;5.659019;;ARRET;3;
04/12/23 07:09:18;Inconnu, Seyssinet-Pariset;45.174805;5.658987;;COLLECTE;0;
04/12/23 07:09:18;Inconnu, Seyssinet-Pariset;45.174805;5.658987;;COLLECTE;0;
04/12/23 07:09:22;Inconnu, Seyssinet-Pariset;45.174805;5.658986;0.0;COLLECTE;0;
04/12/23 07:09:28;Inconnu, Seyssinet-Pariset;45.174805;5.658985;;COLLECTE;0;
04/12/23 07:09:28;Inconnu, Seyssinet-Pariset;45.174805;5.658985;;COLLECTE;0;
04/12/23 07:09:28;Inconnu, Seyssinet-Pariset;45.174805;5.658985;;COLLECTE;0;
04/12/23 07:09:30;Inconnu, Seyssinet-Pariset;45.174805;5.658985;;ARRET;0;
04/12/23 07:10:16;Inconnu, Seyssinet-Pariset;45.174805;5.658985;;ARRET;28;
04/12/23 07:10:47;Route de Saint-Nizier, Seyssinet-Pariset;45.174561;5.659049;23.0;HAUT LE PIED;58;
04/12/23 07:10:55;Route de Saint-Nizier, Seyssinet-Pariset;45.174221;5.659611;17.0;HAUT LE PIED;26;
04/12/23 07:10:58;Route de Saint-Nizier, Seyssinet-Pariset;45.174084;5.659883;32.0;HAUT LE PIED;57;
04/12/23 07:11:04;Route de Saint-Nizier, Seyssinet-Pariset;45.17382;5.660505;32.0;HAUT LE PIED;30;
04/12/23 07:11:07;Route de Saint-Nizier, Seyssinet-Pariset;45.173767;5.660879;38.0;HAUT LE PIED;78;
04/12/23 07:11:17;Route de Saint-Nizier, Seyssinet-Pariset;45.173706;5.661866;20.0;HAUT LE PIED;14;
04/12/23 07:11:20;Route de Saint-Nizier, Seyssinet-Pariset;45.173611;5.661977;12.0;HAUT LE PIED;12;
04/12/23 07:11:23;Route de Saint-Nizier, Seyssinet-Pariset;45.173523;5.662059;10.0;HAUT LE PIED;9;
04/12/23 07:11:29;Route de Saint-Nizier, Seyssinet-Pariset;45.173496;5.662167;;ARRET;5;
04/12/23 07:11:54;Route de Saint-Nizier, Seyssinet-Pariset;45.173489;5.662234;0.0;ARRET;0;
04/12/23 07:11:55;Route de Saint-Nizier, Seyssinet-Pariset;45.173489;5.662234;;COLLECTE;0;
04/12/23 07:11:55;Route de Saint-Nizier, Seyssinet-Pariset;45.173489;5.662234;;COLLECTE;0;
04/12/23 07:12:07;Route de Saint-Nizier, Seyssinet-Pariset;45.173489;5.662236;;COLLECTE;0;
04/12/23 07:12:07;Route de Saint-Nizier, Seyssinet-Pariset;45.173489;5.662236;;COLLECTE;0;
04/12/23 07:12:07;Route de Saint-Nizier, Seyssinet-Pariset;45.173489;5.662236;;COLLECTE;0;
04/12/23 07:12:08;Route de Saint-Nizier, Seyssinet-Pariset;45.173489;5.662236;;ARRET;0;
04/12/23 07:12:28;Route de Saint-Nizier, Seyssinet-Pariset;45.173489;5.662237;;ARRET;28;
04/12/23 07:12:40;Route de Saint-Nizier, Seyssinet-Pariset;45.173389;5.662571;20.0;HAUT LE PIED;97;
04/12/23 07:12:54;Route de Saint-Nizier, Seyssinet-Pariset;45.173065;5.663713;30.0;HAUT LE PIED;45;
04/12/23 07:12:59;Route de Saint-Nizier, Seyssinet-Pariset;45.172764;5.664093;34.0;HAUT LE PIED;141;
04/12/23 07:13:14;Route de Saint-Nizier, Seyssinet-Pariset;45.171757;5.665175;32.0;HAUT LE PIED;50;
04/12/23 07:13:20;Route de Saint-Nizier, Seyssinet-Pariset;45.171543;5.665736;27.0;HAUT LE PIED;23;
04/12/23 07:13:23;Route de Saint-Nizier, Seyssinet-Pariset;45.171532;5.666033;30.0;HAUT LE PIED;66;
04/12/23 07:13:33;Route de Saint-Nizier, Seyssinet-Pariset;45.171619;5.666862;;ARRET;22;
04/12/23 07:13:36;Route de Saint-Nizier, Seyssinet-Pariset;45.171524;5.667108;19.0;HAUT LE PIED;5;
04/12/23 07:13:38;Route de Saint-Nizier, Seyssinet-Pariset;45.171478;5.667127;;ARRET;11;
04/12/23 07:13:39;Route de Saint-Nizier, Seyssinet-Pariset;45.171375;5.667125;23.0;HAUT LE PIED;14;
04/12/23 07:13:42;Route de Saint-Nizier, Seyssinet-Pariset;45.171253;5.667075;;ARRET;7;
04/12/23 07:13:43;Route de Saint-Nizier, Seyssinet-Pariset;45.171192;5.667045;;ARRET;26;
04/12/23 07:13:47;Route de Saint-Nizier, Seyssinet-Pariset;45.170979;5.666912;;ARRET;9;
04/12/23 07:14:06;Route de Saint-Nizier, Seyssinet-Pariset;45.17091;5.66686;;COLLECTE;0;
04/12/23 07:14:07;Route de Saint-Nizier, Seyssinet-Pariset;45.17091;5.66686;;COLLECTE;0;
04/12/23 07:14:14;Route de Saint-Nizier, Seyssinet-Pariset;45.17091;5.66686;0.0;COLLECTE;0;
04/12/23 07:14:18;Route de Saint-Nizier, Seyssinet-Pariset;45.17091;5.66686;;COLLECTE;0;
04/12/23 07:14:18;Route de Saint-Nizier, Seyssinet-Pariset;45.17091;5.66686;;COLLECTE;0;
04/12/23 07:14:18;Route de Saint-Nizier, Seyssinet-Pariset;45.17091;5.66686;;COLLECTE;0;
04/12/23 07:14:19;Route de Saint-Nizier, Seyssinet-Pariset;45.17091;5.66686;;ARRET;0;
04/12/23 07:14:30;Route de Saint-Nizier, Seyssinet-Pariset;45.17091;5.66686;;ARRET;27;
04/12/23 07:14:40;Route de Saint-Nizier, Seyssinet-Pariset;45.170673;5.666777;23.0;HAUT LE PIED;23;
04/12/23 07:14:43;Route de Saint-Nizier, Seyssinet-Pariset;45.170471;5.666795;29.0;HAUT LE PIED;56;
04/12/23 07:14:50;Route de Saint-Nizier, Seyssinet-Pariset;45.169975;5.666908;;ARRET;17;
04/12/23 07:14:52;Route de Saint-Nizier, Seyssinet-Pariset;45.169827;5.666966;;ARRET;21;
04/12/23 07:14:54;Route de Saint-Nizier, Seyssinet-Pariset;45.169659;5.667077;37.0;HAUT LE PIED;11;
04/12/23 07:14:55;Inconnu, Seyssinet-Pariset;45.169579;5.667154;;ARRET;98;
04/12/23 07:15:05;Route de Saint-Nizier, Seyssinet-Pariset;45.168835;5.667819;26.0;HAUT LE PIED;0;
04/12/23 07:15:06;Route de Saint-Nizier, Seyssinet-Pariset;45.168835;5.667819;;ARRET;23;
04/12/23 07:15:08;Route de Saint-Nizier, Seyssinet-Pariset;45.168633;5.667777;29.0;HAUT LE PIED;71;
04/12/23 07:15:16;Route de Saint-Nizier, Seyssinet-Pariset;45.168015;5.667558;36.0;HAUT LE PIED;20;
04/12/23 07:15:19;Route de Saint-Nizier, Seyssinet-Pariset;45.167839;5.66759;;ARRET;19;
04/12/23 07:15:21;Route de Saint-Nizier, Seyssinet-Pariset;45.167671;5.667622;;ARRET;38;
04/12/23 07:15:25;Route de Saint-Nizier, Seyssinet-Pariset;45.167332;5.667653;;ARRET;48;
04/12/23 07:15:31;Route de Saint-Nizier, Seyssinet-Pariset;45.166901;5.66759;24.0;HAUT LE PIED;25;
04/12/23 07:15:35;Inconnu, Seyssinet-Pariset;45.166691;5.667464;12.0;HAUT LE PIED;6;
04/12/23 07:15:37;Inconnu, Seyssinet-Pariset;45.166637;5.667459;;ARRET;5;
04/12/23 07:15:38;Inconnu, Seyssinet-Pariset;45.166592;5.66747;;ARRET;9;
04/12/23 07:15:39;Inconnu, Seyssinet-Pariset;45.166512;5.667512;14.0;HAUT LE PIED;10;
04/12/23 07:15:56;Inconnu, Seyssinet-Pariset;45.166428;5.667561;;COLLECTE;0;
04/12/23 07:15:58;Inconnu, Seyssinet-Pariset;45.166428;5.66756;;ARRET;0;
04/12/23 07:15:58;Inconnu, Seyssinet-Pariset;45.166428;5.66756;;COLLECTE;0;
04/12/23 07:15:58;Inconnu, Seyssinet-Pariset;45.166428;5.66756;;COLLECTE;0;
04/12/23 07:16:05;Inconnu, Seyssinet-Pariset;45.166428;5.66756;;COLLECTE;0;
04/12/23 07:16:08;Inconnu, Seyssinet-Pariset;45.166428;5.667561;;COLLECTE;0;
04/12/23 07:16:08;Inconnu, Seyssinet-Pariset;45.166428;5.667561;;COLLECTE;0;
04/12/23 07:16:09;Inconnu, Seyssinet-Pariset;45.166428;5.667561;;ARRET;0;
04/12/23 07:16:15;Inconnu, Seyssinet-Pariset;45.166428;5.667561;;ARRET;27;
04/12/23 07:16:23;Route de Saint-Nizier, Seyssinet-Pariset;45.166283;5.66783;20.0;HAUT LE PIED;50;
04/12/23 07:16:30;Route de Saint-Nizier, Seyssinet-Pariset;45.165958;5.668269;29.0;HAUT LE PIED;112;
04/12/23 07:16:42;Route de Saint-Nizier, Seyssinet-Pariset;45.164997;5.668691;34.0;HAUT LE PIED;33;
04/12/23 07:16:46;Route de Saint-Nizier, Seyssinet-Pariset;45.164703;5.668773;27.0;HAUT LE PIED;277;
04/12/23 07:17:16;Route de Saint-Nizier, Seyssinet-Pariset;45.16222;5.668525;33.0;HAUT LE PIED;30;
04/12/23 07:17:19;Route de Saint-Nizier, Seyssinet-Pariset;45.161976;5.668374;35.0;HAUT LE PIED;137;
04/12/23 07:17:33;Route de Saint-Nizier, Seyssinet-Pariset;45.160835;5.667711;24.0;HAUT LE PIED;20;
04/12/23 07:17:36;Route de Saint-Nizier, Seyssinet-Pariset;45.160698;5.667871;24.0;HAUT LE PIED;20;
04/12/23 07:17:39;Route de Saint-Nizier, Seyssins;45.16074;5.668114;27.0;HAUT LE PIED;22;
04/12/23 07:17:42;Route de Saint-Nizier, Seyssins;45.160892;5.668295;29.0;HAUT LE PIED;36;
04/12/23 07:17:46;Route de Saint-Nizier, Seyssins;45.161148;5.668581;34.0;HAUT LE PIED;68;
04/12/23 07:17:53;Route de Saint-Nizier, Seyssins;45.161602;5.669159;38.0;HAUT LE PIED;31;
04/12/23 07:17:56;Inconnu, Seyssins;45.161865;5.669292;37.0;HAUT LE PIED;29;
04/12/23 07:17:59;Inconnu, Seyssins;45.162102;5.669456;31.0;HAUT LE PIED;26;
04/12/23 07:18:02;Route de Saint-Nizier, Seyssinet-Pariset;45.162251;5.669705;31.0;HAUT LE PIED;64;
04/12/23 07:18:09;Inconnu, Seyssins;45.162518;5.670426;32.0;HAUT LE PIED;28;
04/12/23 07:18:12;Route de Saint-Nizier, Seyssinet-Pariset;45.162743;5.67058;35.0;HAUT LE PIED;31;
04/12/23 07:18:15;Route de Saint-Nizier, Seyssinet-Pariset;45.163021;5.670578;38.0;HAUT LE PIED;117;
04/12/23 07:18:26;Route de Saint-Nizier, Seyssinet-Pariset;45.164063;5.670363;40.0;HAUT LE PIED;75;
04/12/23 07:18:34;Route de Saint-Nizier, Seyssinet-Pariset;45.164734;5.6705;29.0;HAUT LE PIED;24;
04/12/23 07:18:37;Route de Saint-Nizier, Seyssinet-Pariset;45.164883;5.670724;31.0;HAUT LE PIED;25;
04/12/23 07:18:40;Route de Saint-Nizier, Seyssinet-Pariset;45.164944;5.671037;29.0;HAUT LE PIED;23;
04/12/23 07:18:43;Route de Saint-Nizier, Seyssinet-Pariset;45.164898;5.671328;27.0;HAUT LE PIED;24;
04/12/23 07:18:46;Route de Saint-Nizier, Seyssinet-Pariset;45.164749;5.671555;30.0;HAUT LE PIED;24;
04/12/23 07:18:49;Route de Saint-Nizier, Seyssinet-Pariset;45.164547;5.671668;30.0;HAUT LE PIED;35;
04/12/23 07:18:53;Route de Saint-Nizier, Seyssinet-Pariset;45.16423;5.671628;33.0;HAUT LE PIED;33;
04/12/23 07:18:58;Route de Saint-Nizier, Seyssinet-Pariset;45.163937;5.67158;19.0;HAUT LE PIED;16;
04/12/23 07:19:01;Route de Saint-Nizier, Seyssinet-Pariset;45.163845;5.671734;22.0;HAUT LE PIED;19;
04/12/23 07:19:04;Route de Saint-Nizier, Seyssinet-Pariset;45.163887;5.671966;24.0;HAUT LE PIED;25;
04/12/23 07:19:07;Route de Saint-Nizier, Seyssinet-Pariset;45.164078;5.672131;33.0;HAUT LE PIED;50;
04/12/23 07:19:12;Route de Saint-Nizier, Seyssinet-Pariset;45.164524;5.672203;38.0;HAUT LE PIED;54;
04/12/23 07:19:18;Route de Saint-Nizier, Seyssinet-Pariset;45.165005;5.672076;41.0;HAUT LE PIED;47;
04/12/23 07:19:21;Route de Saint-Nizier, Seyssinet-Pariset;45.165379;5.671796;41.0;HAUT LE PIED;46;
04/12/23 07:19:25;Route de Saint-Nizier, Seyssinet-Pariset;45.165668;5.671378;39.0;HAUT LE PIED;60;
04/12/23 07:19:31;Route de Saint-Nizier, Seyssinet-Pariset;45.166023;5.670805;32.0;HAUT LE PIED;31;
04/12/23 07:19:34;Route de Saint-Nizier, Seyssinet-Pariset;45.166279;5.670664;34.0;HAUT LE PIED;44;
04/12/23 07:19:38;Route de Saint-Nizier, Seyssinet-Pariset;45.166672;5.670657;32.0;HAUT LE PIED;26;
04/12/23 07:19:41;Route de Saint-Nizier, Seyssinet-Pariset;45.166878;5.670812;33.0;HAUT LE PIED;38;
04/12/23 07:19:45;Route de Saint-Nizier, Seyssinet-Pariset;45.167179;5.671052;38.0;HAUT LE PIED;58;
04/12/23 07:19:50;Route de Saint-Nizier, Seyssinet-Pariset;45.167694;5.67113;43.0;HAUT LE PIED;124;
04/12/23 07:20:00;Route de Saint-Nizier, Seyssinet-Pariset;45.168797;5.671347;49.0;HAUT LE PIED;95;
04/12/23 07:20:08;Route de Saint-Nizier, Seyssinet-Pariset;45.169559;5.671882;35.0;HAUT LE PIED;32;
04/12/23 07:20:12;Route de Saint-Nizier, Seyssinet-Pariset;45.169773;5.672158;18.0;HAUT LE PIED;11;
04/12/23 07:20:15;Route de Saint-Nizier, Seyssinet-Pariset;45.169807;5.672283;;ARRET;12;
04/12/23 07:20:33;Route de Saint-Nizier, Seyssinet-Pariset;45.16988;5.672401;;ARRET;20;
04/12/23 07:20:40;Route de Saint-Nizier, Seyssinet-Pariset;45.170013;5.672566;14.0;HAUT LE PIED;26;
04/12/23 07:20:44;Route de Saint-Nizier, Seyssinet-Pariset;45.170204;5.672748;27.0;HAUT LE PIED;13;
04/12/23 07:20:47;Route de Saint-Nizier, Seyssinet-Pariset;45.170307;5.672818;;ARRET;10;
04/12/23 07:20:48;Inconnu, Seyssinet-Pariset;45.170383;5.672886;15.0;HAUT LE PIED;10;
04/12/23 07:20:51;Route de Saint-Nizier, Seyssinet-Pariset;45.170452;5.672974;11.0;HAUT LE PIED;7;
04/12/23 07:21:13;Route de Saint-Nizier, Seyssinet-Pariset;45.170513;5.672963;;COLLECTE;0;
04/12/23 07:21:14;Route de Saint-Nizier, Seyssinet-Pariset;45.170517;5.672963;;COLLECTE;1;
04/12/23 07:21:21;Route de Saint-Nizier, Seyssinet-Pariset;45.170506;5.672972;0.0;COLLECTE;0;
04/12/23 07:21:24;Route de Saint-Nizier, Seyssinet-Pariset;45.170506;5.672972;;COLLECTE;0;
04/12/23 07:21:24;Route de Saint-Nizier, Seyssinet-Pariset;45.170506;5.672972;;COLLECTE;0;
04/12/23 07:21:24;Route de Saint-Nizier, Seyssinet-Pariset;45.170506;5.672972;;COLLECTE;0;
04/12/23 07:21:25;Route de Saint-Nizier, Seyssinet-Pariset;45.170506;5.672972;;ARRET;1;
04/12/23 07:21:38;Route de Saint-Nizier, Seyssinet-Pariset;45.170513;5.672967;;ARRET;25;
04/12/23 07:21:45;Route de Saint-Nizier, Seyssinet-Pariset;45.170727;5.673069;19.0;HAUT LE PIED;154;
04/12/23 07:22:05;Route de Saint-Nizier, Seyssinet-Pariset;45.17197;5.673932;29.0;HAUT LE PIED;73;
04/12/23 07:22:14;Route de Saint-Nizier, Seyssinet-Pariset;45.172375;5.674664;30.0;HAUT LE PIED;77;
04/12/23 07:22:22;Route de Saint-Nizier, Seyssinet-Pariset;45.172798;5.675447;41.0;HAUT LE PIED;183;
04/12/23 07:22:38;Route de Saint-Nizier, Seyssinet-Pariset;45.174061;5.676945;;ARRET;37;
04/12/23 07:22:52;Route de Saint-Nizier, Seyssinet-Pariset;45.174324;5.677243;0.0;ARRET;1;
04/12/23 07:22:54;Route de Saint-Nizier, Seyssinet-Pariset;45.17432;5.67724;;COLLECTE;2;
04/12/23 07:23:01;Route de Saint-Nizier, Seyssinet-Pariset;45.174305;5.677237;;ARRET;1;
04/12/23 07:23:08;Route de Saint-Nizier, Seyssinet-Pariset;45.174301;5.677244;;ARRET;33;
04/12/23 07:23:14;Route de Saint-Nizier, Seyssinet-Pariset;45.174538;5.677502;27.0;HAUT LE PIED;88;
04/12/23 07:23:23;Route de Saint-Nizier, Seyssinet-Pariset;45.17522;5.678061;39.0;HAUT LE PIED;0;
04/12/23 07:23:24;Route de Saint-Nizier, Seyssinet-Pariset;45.17522;5.678061;;ARRET;51;
04/12/23 07:23:28;Route de Saint-Nizier, Seyssinet-Pariset;45.175667;5.678199;36.0;HAUT LE PIED;40;
04/12/23 07:23:33;Route de Saint-Nizier, Seyssinet-Pariset;45.176022;5.678161;21.0;HAUT LE PIED;15;
04/12/23 07:23:36;Route de Saint-Nizier, Seyssinet-Pariset;45.176109;5.678313;21.0;HAUT LE PIED;0;
04/12/23 07:23:37;Route de Saint-Nizier, Seyssinet-Pariset;45.176109;5.678313;;ARRET;21;
04/12/23 07:23:39;Route de Saint-Nizier, Seyssinet-Pariset;45.176044;5.678562;28.0;HAUT LE PIED;35;
04/12/23 07:23:44;Route de Saint-Nizier, Seyssinet-Pariset;45.175858;5.678921;;ARRET;25;
04/12/23 07:23:46;Route de Saint-Nizier, Seyssinet-Pariset;45.175751;5.679201;28.0;HAUT LE PIED;0;
04/12/23 07:23:47;Route de Saint-Nizier, Seyssinet-Pariset;45.175751;5.679201;;ARRET;26;
04/12/23 07:23:49;Route de Saint-Nizier, Seyssinet-Pariset;45.175789;5.679523;35.0;HAUT LE PIED;31;
04/12/23 07:23:52;Route de Saint-Nizier, Seyssinet-Pariset;45.175976;5.679816;39.0;HAUT LE PIED;36;
04/12/23 07:23:56;Route de Saint-Nizier, Seyssinet-Pariset;45.176228;5.680109;;ARRET;58;
04/12/23 07:24:01;Route de Saint-Nizier, Seyssinet-Pariset;45.176643;5.680551;;ARRET;37;
04/12/23 07:24:03;Route de Saint-Nizier, Seyssinet-Pariset;45.176933;5.680771;46.0;HAUT LE PIED;12;
04/12/23 07:24:05;Route de Saint-Nizier, Seyssinet-Pariset;45.177032;5.680838;;ARRET;71;
04/12/23 07:24:10;Inconnu, Seyssinet-Pariset;45.177647;5.681074;34.0;HAUT LE PIED;31;
04/12/23 07:24:14;Route de Saint-Nizier, Seyssinet-Pariset;45.177917;5.681142;25.0;HAUT LE PIED;16;
04/12/23 07:24:17;Route de Saint-Nizier, Seyssinet-Pariset;45.177994;5.681318;19.0;HAUT LE PIED;14;
04/12/23 07:24:20;Route de Saint-Nizier, Seyssinet-Pariset;45.177925;5.681469;17.0;HAUT LE PIED;0;
04/12/23 07:24:21;Route de Saint-Nizier, Seyssinet-Pariset;45.177925;5.681469;;ARRET;17;
04/12/23 07:24:23;Route de Saint-Nizier, Seyssinet-Pariset;45.177773;5.681464;27.0;HAUT LE PIED;69;
04/12/23 07:24:31;Route de Saint-Nizier, Seyssinet-Pariset;45.177155;5.681368;36.0;HAUT LE PIED;71;
04/12/23 07:24:38;Route de Saint-Nizier, Seyssinet-Pariset;45.176517;5.681443;;ARRET;107;
04/12/23 07:24:46;Route de Saint-Nizier, Seyssinet-Pariset;45.17556;5.681476;39.0;HAUT LE PIED;32;
04/12/23 07:24:50;Route de Saint-Nizier, Seyssinet-Pariset;45.175289;5.681324;;ARRET;21;
04/12/23 07:24:52;Route de Saint-Nizier, Seyssinet-Pariset;45.175137;5.681175;;ARRET;11;
04/12/23 07:24:53;Route de Saint-Nizier, Seyssinet-Pariset;45.17506;5.681084;;ARRET;21;
04/12/23 07:24:54;Route de Saint-Nizier, Seyssinet-Pariset;45.174934;5.680881;40.0;HAUT LE PIED;45;
04/12/23 07:24:59;Route de Saint-Nizier, Seyssinet-Pariset;45.174744;5.68038;;ARRET;36;
04/12/23 07:25:02;Route de Saint-Nizier, Seyssinet-Pariset;45.174576;5.679984;;ARRET;36;
04/12/23 07:25:04;Route de Saint-Nizier, Seyssinet-Pariset;45.174343;5.679671;44.0;HAUT LE PIED;67;
04/12/23 07:25:10;Route de Saint-Nizier, Seyssinet-Pariset;45.17379;5.679335;;ARRET;52;
04/12/23 07:25:14;Route de Saint-Nizier, Seyssinet-Pariset;45.173359;5.67907;;ARRET;29;
04/12/23 07:25:15;Route de Saint-Nizier, Seyssinet-Pariset;45.173115;5.678954;50.0;HAUT LE PIED;0;
04/12/23 07:25:16;Route de Saint-Nizier, Seyssinet-Pariset;45.173115;5.678954;;ARRET;172;
04/12/23 07:25:29;Chemin des Rampes, Seyssinet-Pariset;45.171608;5.678471;;ARRET;81;
04/12/23 07:25:35;Route de Saint-Nizier, Seyssinet-Pariset;45.170921;5.678121;;ARRET;26;
04/12/23 07:25:36;Route de Saint-Nizier, Seyssinet-Pariset;45.170696;5.678046;46.0;HAUT LE PIED;65;
04/12/23 07:26:06;Route de Saint-Nizier, Seyssinet-Pariset;45.17012;5.677919;0.0;ARRET;2;
04/12/23 07:26:14;Route de Saint-Nizier, Seyssinet-Pariset;45.170105;5.677916;;COLLECTE;0;
04/12/23 07:26:16;Route de Saint-Nizier, Seyssinet-Pariset;45.170101;5.677916;;COLLECTE;0;
04/12/23 07:26:16;Route de Saint-Nizier, Seyssinet-Pariset;45.170101;5.677916;;COLLECTE;0;
04/12/23 07:26:16;Route de Saint-Nizier, Seyssinet-Pariset;45.170101;5.677916;;COLLECTE;1;
04/12/23 07:26:25;Route de Saint-Nizier, Seyssinet-Pariset;45.170109;5.677907;;COLLECTE;0;
04/12/23 07:26:25;Route de Saint-Nizier, Seyssinet-Pariset;45.170109;5.677907;;COLLECTE;0;
04/12/23 07:26:25;Route de Saint-Nizier, Seyssinet-Pariset;45.170109;5.677907;;COLLECTE;1;
04/12/23 07:26:28;Route de Saint-Nizier, Seyssinet-Pariset;45.170116;5.677901;;ARRET;1;
04/12/23 07:26:34;Chemin des Visans, Seyssinet-Pariset;45.170124;5.677894;;ARRET;30;
04/12/23 07:26:42;Route de Saint-Nizier, Seyssinet-Pariset;45.169857;5.677873;24.0;HAUT LE PIED;68;
04/12/23 07:26:51;Route de Saint-Nizier, Seyssinet-Pariset;45.169254;5.677742;;ARRET;46;
04/12/23 07:26:55;Route de Saint-Nizier, Seyssinet-Pariset;45.168842;5.677758;30.0;HAUT LE PIED;45;
04/12/23 07:27:01;Chemin de Pariset à Seyssinet, Seyssinet-Pariset;45.168472;5.67798;25.0;HAUT LE PIED;0;
04/12/23 07:27:02;Chemin de Pariset à Seyssinet, Seyssinet-Pariset;45.168472;5.67798;;ARRET;21;
04/12/23 07:27:04;Route de Saint-Nizier, Seyssinet-Pariset;45.168282;5.677957;28.0;HAUT LE PIED;15;
04/12/23 07:27:07;Inconnu, Seyssinet-Pariset;45.168163;5.677865;;ARRET;23;
04/12/23 07:27:21;Route de Saint-Nizier, Seyssinet-Pariset;45.167973;5.677744;;COLLECTE;1;
04/12/23 07:27:28;Route de Saint-Nizier, Seyssinet-Pariset;45.167965;5.677749;;ARRET;1;
04/12/23 07:27:32;Route de Saint-Nizier, Seyssinet-Pariset;45.167961;5.677752;;ARRET;6;
04/12/23 07:27:36;Route de Saint-Nizier, Seyssinet-Pariset;45.167915;5.677722;4.0;ARRET;63;
04/12/23 07:27:45;Route de Saint-Nizier, Seyssinet-Pariset;45.167404;5.677377;23.0;HAUT LE PIED;0;
04/12/23 07:27:46;Route de Saint-Nizier, Seyssinet-Pariset;45.167404;5.677377;;ARRET;17;
04/12/23 07:27:48;Route de Saint-Nizier, Seyssinet-Pariset;45.167248;5.677401;11.0;HAUT LE PIED;10;
04/12/23 07:28:01;Route de Saint-Nizier, Seyssinet-Pariset;45.16716;5.677431;;COLLECTE;0;
04/12/23 07:28:08;Route de Saint-Nizier, Seyssinet-Pariset;45.167156;5.677432;;ARRET;2;
04/12/23 07:28:13;Route de Saint-Nizier, Seyssinet-Pariset;45.167141;5.677445;;ARRET;14;
04/12/23 07:28:16;Route de Saint-Nizier, Seyssinet-Pariset;45.167042;5.677565;15.0;HAUT LE PIED;15;
04/12/23 07:28:19;Route de Saint-Nizier, Seyssinet-Pariset;45.167019;5.677757;24.0;HAUT LE PIED;18;
04/12/23 07:28:22;Route de Saint-Nizier, Seyssinet-Pariset;45.167076;5.677973;23.0;HAUT LE PIED;20;
04/12/23 07:28:25;Route de Saint-Nizier, Seyssinet-Pariset;45.16724;5.678084;27.0;HAUT LE PIED;43;
04/12/23 07:28:31;Route de Saint-Nizier, Seyssinet-Pariset;45.167625;5.678068;;ARRET;25;
04/12/23 07:28:33;Route de Saint-Nizier, Seyssinet-Pariset;45.167843;5.678158;28.0;HAUT LE PIED;32;
04/12/23 07:28:37;Route de Saint-Nizier, Seyssinet-Pariset;45.168068;5.678403;27.0;HAUT LE PIED;30;
04/12/23 07:28:42;Route de Saint-Nizier, Seyssinet-Pariset;45.16824;5.678693;;ARRET;30;
04/12/23 07:28:45;Route de Saint-Nizier, Seyssinet-Pariset;45.168434;5.678964;29.0;HAUT LE PIED;24;
04/12/23 07:28:48;Route de Saint-Nizier, Seyssinet-Pariset;45.168602;5.679152;30.0;HAUT LE PIED;45;
04/12/23 07:28:54;Avenue Hector Berlioz, Seyssinet-Pariset;45.168846;5.679604;;ARRET;76;
04/12/23 07:29:04;Place de la Liberté, Seyssinet-Pariset;45.169086;5.68051;10.0;HAUT LE PIED;11;
04/12/23 07:29:10;Rue de l'Église, Seyssinet-Pariset;45.169083;5.680652;;ARRET;7;
04/12/23 07:29:13;Place de la Liberté, Seyssinet-Pariset;45.169067;5.680736;;ARRET;4;
04/12/23 07:29:15;Place de la Liberté, Seyssinet-Pariset;45.169048;5.680776;;ARRET;1;
04/12/23 07:29:16;Place de la Liberté, Seyssinet-Pariset;45.169037;5.680786;;ARRET;4;
04/12/23 07:29:30;Rue de l'Église, Seyssinet-Pariset;45.168999;5.680804;;COLLECTE;0;
04/12/23 07:29:34;Rue de l'Église, Seyssinet-Pariset;45.168999;5.680798;0.0;COLLECTE;0;
04/12/23 07:29:38;Rue de l'Église, Seyssinet-Pariset;45.168999;5.680795;;ARRET;0;
04/12/23 07:29:43;Rue de l'Église, Seyssinet-Pariset;45.168999;5.680794;;ARRET;2;
04/12/23 07:29:45;Rue de l'Église, Seyssinet-Pariset;45.16898;5.680804;;ARRET;4;
04/12/23 07:29:48;Rue de l'Église, Seyssinet-Pariset;45.168949;5.680818;;ARRET;6;
04/12/23 07:29:51;Rue de l'Église, Seyssinet-Pariset;45.1689;5.680836;;ARRET;7;
04/12/23 07:29:54;Rue de l'Église, Seyssinet-Pariset;45.168842;5.680825;;ARRET;11;
04/12/23 07:29:57;Rue de l'Église, Seyssinet-Pariset;45.168747;5.680786;10.0;HAUT LE PIED;3;
04/12/23 07:29:59;Rue de l'Église, Seyssinet-Pariset;45.16872;5.68077;;ARRET;19;
04/12/23 07:30:05;Rue de l'Église, Seyssinet-Pariset;45.168564;5.680664;;ARRET;8;
04/12/23 07:30:07;Rue de l'Église, Seyssinet-Pariset;45.168507;5.68061;;ARRET;9;
04/12/23 07:30:08;Rue de l'Église, Seyssinet-Pariset;45.16843;5.680579;15.0;HAUT LE PIED;12;
04/12/23 07:30:12;Rue de l'Église, Seyssinet-Pariset;45.168324;5.680565;;ARRET;20;
04/12/23 07:30:16;Rue de l'Église, Seyssinet-Pariset;45.168144;5.680602;;ARRET;10;
04/12/23 07:30:18;Rue de l'Église, Seyssinet-Pariset;45.168079;5.680684;;ARRET;15;
04/12/23 07:30:19;Rue de l'Église, Seyssinet-Pariset;45.168053;5.680868;26.0;HAUT LE PIED;0;
04/12/23 07:30:20;Rue de l'Église, Seyssinet-Pariset;45.168053;5.680868;;ARRET;20;
04/12/23 07:30:33;Rue de l'Église, Seyssinet-Pariset;45.16806;5.681126;;COLLECTE;1;
04/12/23 07:30:41;Rue de l'Église, Seyssinet-Pariset;45.16806;5.681135;;ARRET;1;
04/12/23 07:30:45;Rue de l'Église, Seyssinet-Pariset;45.16806;5.681143;;ARRET;14;
04/12/23 07:30:48;Rue de l'Église, Seyssinet-Pariset;45.168056;5.681317;19.0;HAUT LE PIED;94;
04/12/23 07:31:05;Rue de l'Église, Seyssinet-Pariset;45.168114;5.682516;;ARRET;1;
04/12/23 07:31:19;Rue de l'Église, Seyssinet-Pariset;45.16811;5.682532;0.0;ARRET;0;
04/12/23 07:31:22;Rue de l'Église, Seyssinet-Pariset;45.16811;5.682532;;COLLECTE;0;
04/12/23 07:31:22;Rue de l'Église, Seyssinet-Pariset;45.16811;5.682532;;COLLECTE;0;
04/12/23 07:31:31;Rue de l'Église, Seyssinet-Pariset;45.16811;5.682532;;COLLECTE;0;
04/12/23 07:31:32;Rue de l'Église, Seyssinet-Pariset;45.16811;5.682532;;COLLECTE;0;
04/12/23 07:31:32;Rue de l'Église, Seyssinet-Pariset;45.16811;5.682532;;COLLECTE;0;
04/12/23 07:31:34;Rue de l'Église, Seyssinet-Pariset;45.16811;5.682532;;ARRET;1;
04/12/23 07:31:41;Rue de l'Église, Seyssinet-Pariset;45.168106;5.682535;;ARRET;28;
04/12/23 07:31:49;Rue de l'Église, Seyssinet-Pariset;45.167995;5.682861;23.0;HAUT LE PIED;43;
04/12/23 07:31:55;Rue de l'Église, Seyssinet-Pariset;45.167824;5.683355;28.0;HAUT LE PIED;61;
04/12/23 07:32:10;Rue de Comboire, Seyssinet-Pariset;45.167797;5.684126;13.0;HAUT LE PIED;11;
04/12/23 07:32:13;Rue de Comboire, Seyssinet-Pariset;45.167694;5.684124;15.0;HAUT LE PIED;14;
04/12/23 07:32:16;Rue de Comboire, Seyssinet-Pariset;45.167568;5.684125;18.0;HAUT LE PIED;45;
04/12/23 07:32:23;Rue de Comboire, Seyssinet-Pariset;45.16716;5.684154;24.0;HAUT LE PIED;18;
04/12/23 07:32:26;Rue de Comboire, Seyssinet-Pariset;45.167007;5.684073;21.0;HAUT LE PIED;11;
04/12/23 07:32:30;Rue de Comboire, Seyssinet-Pariset;45.166912;5.684037;;ARRET;1;
04/12/23 07:32:41;Rue de Comboire, Seyssinet-Pariset;45.166904;5.684026;;COLLECTE;0;
04/12/23 07:32:48;Rue de Comboire, Seyssinet-Pariset;45.166904;5.684026;;ARRET;1;
04/12/23 07:32:52;Rue de Comboire, Seyssinet-Pariset;45.166893;5.684023;;ARRET;12;
04/12/23 07:32:56;Rue de Comboire, Seyssinet-Pariset;45.16679;5.683981;7.0;HAUT LE PIED;28;
04/12/23 07:33:03;Rue de Comboire, Seyssinet-Pariset;45.166542;5.683938;20.0;HAUT LE PIED;67;
04/12/23 07:33:14;Rue de Comboire, Seyssinet-Pariset;45.165939;5.683895;20.0;HAUT LE PIED;16;
04/12/23 07:33:17;Rue de Comboire, Seyssinet-Pariset;45.165798;5.68387;19.0;HAUT LE PIED;15;
04/12/23 07:33:20;Rue du Pied du Coteau, Seyssinet-Pariset;45.165672;5.683931;19.0;HAUT LE PIED;16;
04/12/23 07:33:26;Rue de Quirole, Seyssinet-Pariset;45.16563;5.684121;;ARRET;2;
04/12/23 07:33:43;Rue de Quirole, Seyssinet-Pariset;45.165627;5.684147;;COLLECTE;0;
04/12/23 07:33:45;Rue de Quirole, Seyssinet-Pariset;45.165627;5.684147;;ARRET;0;
04/12/23 07:33:45;Rue de Quirole, Seyssinet-Pariset;45.165627;5.684147;;COLLECTE;0;
04/12/23 07:33:46;Rue de Quirole, Seyssinet-Pariset;45.165627;5.684147;;COLLECTE;0;
04/12/23 07:33:51;Rue de Quirole, Seyssinet-Pariset;45.165627;5.684147;0.0;COLLECTE;0;
04/12/23 07:33:56;Rue de Quirole, Seyssinet-Pariset;45.165627;5.684147;;COLLECTE;0;
04/12/23 07:33:57;Rue de Quirole, Seyssinet-Pariset;45.165627;5.684147;;COLLECTE;0;
04/12/23 07:33:57;Rue de Quirole, Seyssinet-Pariset;45.165627;5.684147;;COLLECTE;0;
04/12/23 07:33:58;Rue de Quirole, Seyssinet-Pariset;45.165627;5.684147;;ARRET;0;
04/12/23 07:34:39;Rue de Quirole, Seyssinet-Pariset;45.165627;5.684147;;ARRET;28;
04/12/23 07:34:50;Rue de Quirole, Seyssinet-Pariset;45.165512;5.684462;22.0;HAUT LE PIED;80;
04/12/23 07:35:01;Rue de Quirole, Seyssinet-Pariset;45.165203;5.68538;31.0;HAUT LE PIED;66;
04/12/23 07:35:09;Rue de Quirole, Seyssinet-Pariset;45.165123;5.686218;30.0;HAUT LE PIED;74;
04/12/23 07:35:18;Rue de Quirole, Seyssinet-Pariset;45.165207;5.687151;32.0;HAUT LE PIED;69;
04/12/23 07:35:26;Rue de Quirole, Seyssinet-Pariset;45.165504;5.687921;29.0;HAUT LE PIED;29;
04/12/23 07:35:30;Rue de Quirole, Seyssinet-Pariset;45.165691;5.688175;23.0;HAUT LE PIED;17;
04/12/23 07:35:33;Rue de Quirole, Seyssinet-Pariset;45.165798;5.688332;18.0;HAUT LE PIED;14;
04/12/23 07:35:37;Rue de Quirole, Seyssinet-Pariset;45.165878;5.688475;10.0;HAUT LE PIED;3;
04/12/23 07:35:40;Rue de Quirole, Seyssinet-Pariset;45.165909;5.688478;;ARRET;3;
04/12/23 07:36:07;Rue de Quirole, Seyssinet-Pariset;45.165939;5.688483;0.0;ARRET;0;
04/12/23 07:36:23;Rue de Quirole, Seyssinet-Pariset;45.165939;5.688483;;COLLECTE;0;
04/12/23 07:36:25;Rue de Quirole, Seyssinet-Pariset;45.165939;5.688483;;COLLECTE;0;
04/12/23 07:36:25;Rue de Quirole, Seyssinet-Pariset;45.165939;5.688483;;COLLECTE;0;
04/12/23 07:36:25;Rue de Quirole, Seyssinet-Pariset;45.165939;5.688483;;COLLECTE;0;
04/12/23 07:36:34;Rue de Quirole, Seyssinet-Pariset;45.165939;5.688483;;COLLECTE;0;
04/12/23 07:36:34;Rue de Quirole, Seyssinet-Pariset;45.165939;5.688483;;COLLECTE;0;
04/12/23 07:36:34;Rue de Quirole, Seyssinet-Pariset;45.165939;5.688483;;COLLECTE;0;
04/12/23 07:36:36;Rue de Quirole, Seyssinet-Pariset;45.165939;5.688483;;ARRET;0;
04/12/23 07:36:40;Rue de Quirole, Seyssinet-Pariset;45.165939;5.688483;;COLLECTE;0;
04/12/23 07:36:44;Rue de Quirole, Seyssinet-Pariset;45.165939;5.688483;;COLLECTE;0;
04/12/23 07:36:44;Rue de Quirole, Seyssinet-Pariset;45.165939;5.688483;;COLLECTE;0;
04/12/23 07:36:44;Rue de Quirole, Seyssinet-Pariset;45.165939;5.688483;;COLLECTE;0;
04/12/23 07:36:53;Rue de Quirole, Seyssinet-Pariset;45.165939;5.688483;;COLLECTE;0;
04/12/23 07:36:53;Rue de Quirole, Seyssinet-Pariset;45.165939;5.688483;;COLLECTE;0;
04/12/23 07:36:53;Rue de Quirole, Seyssinet-Pariset;45.165939;5.688483;;COLLECTE;0;
04/12/23 07:36:55;Rue de Quirole, Seyssinet-Pariset;45.165939;5.688483;;ARRET;0;
04/12/23 07:37:22;Rue de Quirole, Seyssinet-Pariset;45.165939;5.688483;;ARRET;26;
04/12/23 07:37:34;Rue de Quirole, Seyssinet-Pariset;45.165791;5.688234;13.0;HAUT LE PIED;10;
04/12/23 07:37:37;Rue de Quirole, Seyssinet-Pariset;45.16571;5.688191;8.0;HAUT LE PIED;10;
04/12/23 07:37:40;Rue de Quirole, Seyssinet-Pariset;45.165642;5.688113;18.0;HAUT LE PIED;12;
04/12/23 07:37:43;Rue de Quirole, Seyssinet-Pariset;45.165565;5.687997;17.0;HAUT LE PIED;76;
04/12/23 07:37:55;Rue de Quirole, Seyssinet-Pariset;45.165234;5.68715;24.0;HAUT LE PIED;46;
04/12/23 07:38:01;Rue de Quirole, Seyssinet-Pariset;45.165154;5.686569;29.0;HAUT LE PIED;98;
04/12/23 07:38:14;Rue de Quirole, Seyssinet-Pariset;45.165234;5.685324;28.0;HAUT LE PIED;66;
04/12/23 07:38:22;Rue de Quirole, Seyssinet-Pariset;45.165489;5.684566;31.0;HAUT LE PIED;62;
04/12/23 07:38:32;Rue de Comboire, Seyssinet-Pariset;45.165775;5.683891;9.0;HAUT LE PIED;10;
04/12/23 07:38:35;Rue de Comboire, Seyssinet-Pariset;45.165867;5.683894;17.0;HAUT LE PIED;47;
04/12/23 07:38:42;Rue de Comboire, Seyssinet-Pariset;45.166279;5.683999;31.0;HAUT LE PIED;57;
04/12/23 07:38:50;Rue de Comboire, Seyssinet-Pariset;45.166794;5.684042;27.0;HAUT LE PIED;50;
04/12/23 07:38:58;Allée Eugène Faure, Seyssinet-Pariset;45.167221;5.684241;12.0;HAUT LE PIED;13;
04/12/23 07:39:02;Allée Eugène Faure, Seyssinet-Pariset;45.167217;5.684402;16.0;HAUT LE PIED;39;
04/12/23 07:39:08;Allée Eugène Faure, Seyssinet-Pariset;45.16716;5.684894;11.0;HAUT LE PIED;3;
04/12/23 07:39:12;Allée Eugène Faure, Seyssinet-Pariset;45.167152;5.684934;;ARRET;0;
04/12/23 07:39:17;Allée Eugène Faure, Seyssinet-Pariset;45.167152;5.684939;;COLLECTE;0;
04/12/23 07:39:25;Allée Eugène Faure, Seyssinet-Pariset;45.167156;5.684941;;ARRET;68;
04/12/23 07:39:39;Allée Eugène Faure, Seyssinet-Pariset;45.167145;5.685807;18.0;HAUT LE PIED;22;
04/12/23 07:39:44;Allée Eugène Faure, Seyssinet-Pariset;45.167133;5.686086;10.0;HAUT LE PIED;7;
04/12/23 07:39:47;Allée Eugène Faure, Seyssinet-Pariset;45.167072;5.6861;10.0;HAUT LE PIED;8;
04/12/23 07:39:52;Allée Eugène Faure, Seyssinet-Pariset;45.167015;5.686042;;MARCHE ARRIERE;14;
04/12/23 07:40:08;Allée Eugène Faure, Seyssinet-Pariset;45.167137;5.686106;;ARRET;7;
04/12/23 07:40:17;Allée Eugène Faure, Seyssinet-Pariset;45.167152;5.686024;0.0;ARRET;1;
04/12/23 07:40:32;Allée Eugène Faure, Seyssinet-Pariset;45.16716;5.686017;;COLLECTE;0;
04/12/23 07:40:39;Allée Eugène Faure, Seyssinet-Pariset;45.16716;5.686017;;ARRET;26;
04/12/23 07:41:07;Allée Eugène Faure, Seyssinet-Pariset;45.167171;5.685689;16.0;HAUT LE PIED;54;
04/12/23 07:41:38;Allée Eugène Faure, Seyssinet-Pariset;45.167179;5.685006;;COLLECTE;0;
04/12/23 07:41:43;Allée Eugène Faure, Seyssinet-Pariset;45.167179;5.685006;;COLLECTE;0;
04/12/23 07:41:50;Allée Eugène Faure, Seyssinet-Pariset;45.167179;5.685006;;COLLECTE;0;
04/12/23 07:41:51;Allée Eugène Faure, Seyssinet-Pariset;45.167179;5.685006;;ARRET;0;
04/12/23 07:42:05;Allée Eugène Faure, Seyssinet-Pariset;45.167179;5.685006;;COLLECTE;0;
04/12/23 07:42:05;Allée Eugène Faure, Seyssinet-Pariset;45.167179;5.685006;;COLLECTE;0;
04/12/23 07:42:15;Allée Eugène Faure, Seyssinet-Pariset;45.167179;5.685006;;COLLECTE;0;
04/12/23 07:42:15;Allée Eugène Faure, Seyssinet-Pariset;45.167179;5.685006;;COLLECTE;0;
04/12/23 07:42:15;Allée Eugène Faure, Seyssinet-Pariset;45.167179;5.685006;;COLLECTE;0;
04/12/23 07:42:17;Allée Eugène Faure, Seyssinet-Pariset;45.167179;5.685006;;ARRET;0;
04/12/23 07:42:19;Allée Eugène Faure, Seyssinet-Pariset;45.167179;5.685006;;COLLECTE;0;
04/12/23 07:42:20;Allée Eugène Faure, Seyssinet-Pariset;45.167179;5.685006;;COLLECTE;0;
04/12/23 07:42:20;Allée Eugène Faure, Seyssinet-Pariset;45.167179;5.685006;;COLLECTE;0;
04/12/23 07:42:20;Allée Eugène Faure, Seyssinet-Pariset;45.167179;5.685006;;COLLECTE;0;
04/12/23 07:42:30;Allée Eugène Faure, Seyssinet-Pariset;45.167179;5.685006;;COLLECTE;0;
04/12/23 07:42:30;Allée Eugène Faure, Seyssinet-Pariset;45.167179;5.685006;;COLLECTE;0;
04/12/23 07:42:30;Allée Eugène Faure, Seyssinet-Pariset;45.167179;5.685006;;COLLECTE;0;
04/12/23 07:42:32;Allée Eugène Faure, Seyssinet-Pariset;45.167179;5.685005;;ARRET;0;
04/12/23 07:42:45;Allée Eugène Faure, Seyssinet-Pariset;45.167179;5.685005;;ARRET;19;
04/12/23 07:42:55;Allée Eugène Faure, Seyssinet-Pariset;45.167187;5.684764;;ARRET;1;
04/12/23 07:43:05;Allée Eugène Faure, Seyssinet-Pariset;45.167198;5.684769;;COLLECTE;0;
04/12/23 07:43:07;Allée Eugène Faure, Seyssinet-Pariset;45.167198;5.684769;;ARRET;0;
04/12/23 07:43:07;Allée Eugène Faure, Seyssinet-Pariset;45.167198;5.684769;;COLLECTE;0;
04/12/23 07:43:07;Allée Eugène Faure, Seyssinet-Pariset;45.167198;5.684769;;COLLECTE;0;
04/12/23 07:43:14;Allée Eugène Faure, Seyssinet-Pariset;45.167202;5.684771;;COLLECTE;0;
04/12/23 07:43:15;Allée Eugène Faure, Seyssinet-Pariset;45.167202;5.684771;;COLLECTE;0;
04/12/23 07:43:15;Allée Eugène Faure, Seyssinet-Pariset;45.167202;5.684771;;COLLECTE;0;
04/12/23 07:43:17;Allée Eugène Faure, Seyssinet-Pariset;45.167202;5.684771;;ARRET;0;
04/12/23 07:43:32;Allée Eugène Faure, Seyssinet-Pariset;45.167202;5.684771;;ARRET;7;
04/12/23 07:43:35;Allée Eugène Faure, Seyssinet-Pariset;45.167206;5.684685;7.0;HAUT LE PIED;35;
04/12/23 07:43:43;Allée Eugène Faure, Seyssinet-Pariset;45.167252;5.684249;9.0;HAUT LE PIED;8;
04/12/23 07:43:46;Rue de Comboire, Seyssinet-Pariset;45.167305;5.684173;13.0;HAUT LE PIED;14;
04/12/23 07:43:49;Rue de Comboire, Seyssinet-Pariset;45.167427;5.684185;20.0;HAUT LE PIED;39;
04/12/23 07:43:55;Rue de Comboire, Seyssinet-Pariset;45.167778;5.684133;22.0;HAUT LE PIED;17;
04/12/23 07:43:59;Rue de Comboire, Seyssinet-Pariset;45.167927;5.684102;14.0;HAUT LE PIED;7;
04/12/23 07:44:04;Rue de Comboire, Seyssinet-Pariset;45.167988;5.68407;;ARRET;2;
04/12/23 07:44:11;Rue de Comboire, Seyssinet-Pariset;45.167976;5.684082;;COLLECTE;1;
04/12/23 07:44:20;Rue de Comboire, Seyssinet-Pariset;45.167973;5.684088;;COLLECTE;0;
04/12/23 07:44:20;Rue de Comboire, Seyssinet-Pariset;45.167973;5.684088;;COLLECTE;0;
04/12/23 07:44:20;Rue de Comboire, Seyssinet-Pariset;45.167973;5.684088;;COLLECTE;0;
04/12/23 07:44:29;Rue de Comboire, Seyssinet-Pariset;45.167973;5.684087;;COLLECTE;0;
04/12/23 07:44:29;Rue de Comboire, Seyssinet-Pariset;45.167973;5.684087;;COLLECTE;0;
04/12/23 07:44:29;Rue de Comboire, Seyssinet-Pariset;45.167973;5.684087;;COLLECTE;0;
04/12/23 07:44:30;Rue de Comboire, Seyssinet-Pariset;45.167973;5.684087;0.0;COLLECTE;0;
04/12/23 07:44:32;Rue de Comboire, Seyssinet-Pariset;45.167973;5.684087;;ARRET;0;
04/12/23 07:44:38;Rue de Comboire, Seyssinet-Pariset;45.167976;5.684086;;ARRET;35;
04/12/23 07:44:48;Rue de Comboire, Seyssinet-Pariset;45.168282;5.68398;;ARRET;1;
04/12/23 07:44:56;Rue de Comboire, Seyssinet-Pariset;45.168289;5.683972;;COLLECTE;0;
04/12/23 07:44:56;Rue de Comboire, Seyssinet-Pariset;45.168289;5.683972;;COLLECTE;2;
04/12/23 07:45:04;Rue de Comboire, Seyssinet-Pariset;45.16827;5.683977;;COLLECTE;0;
04/12/23 07:45:04;Rue de Comboire, Seyssinet-Pariset;45.16827;5.683977;;ARRET;0;
04/12/23 07:45:09;Rue de Comboire, Seyssinet-Pariset;45.16827;5.683977;;ARRET;3;
04/12/23 07:45:10;Rue de Comboire, Seyssinet-Pariset;45.168293;5.683969;7.0;HAUT LE PIED;39;
04/12/23 07:45:20;Rue de Comboire, Seyssinet-Pariset;45.168644;5.683967;18.0;HAUT LE PIED;29;
04/12/23 07:45:28;Rue de Comboire, Seyssinet-Pariset;45.168903;5.684047;;ARRET;1;
04/12/23 07:45:36;Rue de Comboire, Seyssinet-Pariset;45.1689;5.684065;;COLLECTE;0;
04/12/23 07:45:38;Rue de Comboire, Seyssinet-Pariset;45.168896;5.684063;;ARRET;0;
04/12/23 07:45:38;Rue de Comboire, Seyssinet-Pariset;45.168896;5.684063;;COLLECTE;1;
04/12/23 07:45:48;Rue de Comboire, Seyssinet-Pariset;45.1689;5.684059;;COLLECTE;0;
04/12/23 07:45:48;Rue de Comboire, Seyssinet-Pariset;45.1689;5.684059;;COLLECTE;0;
04/12/23 07:45:50;Rue de Comboire, Seyssinet-Pariset;45.1689;5.684059;;ARRET;0;
04/12/23 07:45:59;Rue de Comboire, Seyssinet-Pariset;45.1689;5.684059;;ARRET;32;
04/12/23 07:46:06;Rue de Comboire, Seyssinet-Pariset;45.169186;5.684021;22.0;HAUT LE PIED;71;
04/12/23 07:46:16;Rue de Comboire, Seyssinet-Pariset;45.169796;5.683739;14.0;HAUT LE PIED;20;
04/12/23 07:46:20;Rue de Comboire, Seyssinet-Pariset;45.169971;5.683763;17.0;HAUT LE PIED;126;
04/12/23 07:46:44;Rue de Comboire, Seyssinet-Pariset;45.171028;5.68433;;ARRET;0;
04/12/23 07:46:49;Rue de Comboire, Seyssinet-Pariset;45.171028;5.684332;;COLLECTE;0;
04/12/23 07:46:50;Rue de Comboire, Seyssinet-Pariset;45.171024;5.684334;0.0;COLLECTE;0;
04/12/23 07:46:51;Rue de Comboire, Seyssinet-Pariset;45.171024;5.684334;;COLLECTE;0;
04/12/23 07:46:52;Rue de Comboire, Seyssinet-Pariset;45.171024;5.684334;;COLLECTE;0;
04/12/23 07:46:52;Rue de Comboire, Seyssinet-Pariset;45.171024;5.684334;;COLLECTE;0;
04/12/23 07:47:04;Rue de Comboire, Seyssinet-Pariset;45.171024;5.684334;;COLLECTE;0;
04/12/23 07:47:04;Rue de Comboire, Seyssinet-Pariset;45.171024;5.684334;;COLLECTE;0;
04/12/23 07:47:05;Rue de Comboire, Seyssinet-Pariset;45.171024;5.684334;;COLLECTE;0;
04/12/23 07:47:06;Rue de Comboire, Seyssinet-Pariset;45.171024;5.684334;;ARRET;1;
04/12/23 07:47:16;Rue de Comboire, Seyssinet-Pariset;45.171024;5.684348;;ARRET;24;
04/12/23 07:47:22;Rue de Comboire, Seyssinet-Pariset;45.171108;5.684632;17.0;HAUT LE PIED;25;
04/12/23 07:47:27;Rue des Fleurs, Seyssinet-Pariset;45.171242;5.68488;10.0;HAUT LE PIED;3;
04/12/23 07:47:30;Rue des Fleurs, Seyssinet-Pariset;45.171261;5.684912;;ARRET;3;
04/12/23 07:47:37;Rue des Fleurs, Seyssinet-Pariset;45.17128;5.684931;;COLLECTE;0;
04/12/23 07:47:37;Rue des Fleurs, Seyssinet-Pariset;45.17128;5.684931;;COLLECTE;0;
04/12/23 07:47:38;Rue des Fleurs, Seyssinet-Pariset;45.17128;5.684932;;COLLECTE;0;
04/12/23 07:47:38;Rue des Fleurs, Seyssinet-Pariset;45.17128;5.684932;;COLLECTE;3;
04/12/23 07:47:48;Rue des Fleurs, Seyssinet-Pariset;45.171303;5.684932;;COLLECTE;0;
04/12/23 07:47:48;Rue des Fleurs, Seyssinet-Pariset;45.171303;5.684932;;COLLECTE;0;
04/12/23 07:47:48;Rue des Fleurs, Seyssinet-Pariset;45.171303;5.684932;;COLLECTE;0;
04/12/23 07:47:50;Rue des Fleurs, Seyssinet-Pariset;45.171307;5.684935;;ARRET;0;
04/12/23 07:47:54;Rue des Fleurs, Seyssinet-Pariset;45.171307;5.684937;;ARRET;2;
04/12/23 07:47:57;Rue des Fleurs, Seyssinet-Pariset;45.171318;5.684952;0.0;ARRET;45;
04/12/23 07:48:14;Rue des Fleurs, Seyssinet-Pariset;45.171631;5.685309;14.0;HAUT LE PIED;24;
04/12/23 07:48:24;Rue des Fleurs, Seyssinet-Pariset;45.171818;5.685457;;ARRET;2;
04/12/23 07:48:33;Rue des Fleurs, Seyssinet-Pariset;45.171837;5.685465;;COLLECTE;0;
04/12/23 07:48:34;Rue des Fleurs, Seyssinet-Pariset;45.171837;5.685466;;ARRET;0;
04/12/23 07:48:35;Rue des Fleurs, Seyssinet-Pariset;45.171837;5.685466;;COLLECTE;0;
04/12/23 07:48:35;Rue des Fleurs, Seyssinet-Pariset;45.171837;5.685466;;COLLECTE;0;
04/12/23 07:48:44;Rue des Fleurs, Seyssinet-Pariset;45.171837;5.685467;;COLLECTE;0;
04/12/23 07:48:44;Rue des Fleurs, Seyssinet-Pariset;45.171837;5.685467;;COLLECTE;0;
04/12/23 07:48:44;Rue des Fleurs, Seyssinet-Pariset;45.171837;5.685467;;COLLECTE;0;
04/12/23 07:48:45;Rue des Fleurs, Seyssinet-Pariset;45.171837;5.685467;0.0;COLLECTE;0;
04/12/23 07:48:46;Rue des Fleurs, Seyssinet-Pariset;45.171837;5.685467;;ARRET;0;
04/12/23 07:48:57;Rue des Fleurs, Seyssinet-Pariset;45.171837;5.685467;;COLLECTE;0;
04/12/23 07:49:00;Rue des Fleurs, Seyssinet-Pariset;45.171837;5.685467;;ARRET;0;
04/12/23 07:49:13;Rue des Fleurs, Seyssinet-Pariset;45.171841;5.685469;;ARRET;28;
04/12/23 07:49:21;Rue des Fleurs, Seyssinet-Pariset;45.172028;5.685707;16.0;HAUT LE PIED;39;
04/12/23 07:49:29;Rue des Fleurs, Seyssinet-Pariset;45.172337;5.685946;21.0;HAUT LE PIED;18;
04/12/23 07:49:32;Rue des Fleurs, Seyssinet-Pariset;45.172493;5.685997;20.0;HAUT LE PIED;76;
04/12/23 07:49:49;Rue des Fleurs, Seyssinet-Pariset;45.173172;5.68614;16.0;HAUT LE PIED;13;
04/12/23 07:49:52;Rue des Fleurs, Seyssinet-Pariset;45.17329;5.686177;18.0;HAUT LE PIED;130;
04/12/23 07:50:10;Rue des Fleurs, Seyssinet-Pariset;45.174454;5.686285;24.0;HAUT LE PIED;23;
04/12/23 07:50:18;Rue des Fleurs, Seyssinet-Pariset;45.174664;5.6863;;ARRET;75;
04/12/23 07:50:36;Rue des Fleurs, Seyssinet-Pariset;45.175331;5.686458;13.0;HAUT LE PIED;10;
04/12/23 07:50:43;Rue des Fleurs, Seyssinet-Pariset;45.175346;5.686332;;MARCHE ARRIERE;1;
04/12/23 07:50:50;Rue des Fleurs, Seyssinet-Pariset;45.175343;5.686343;;ARRET;7;
04/12/23 07:50:57;Rue des Fleurs, Seyssinet-Pariset;45.175293;5.686292;;MARCHE ARRIERE;3;
04/12/23 07:51:07;Rue des Fleurs, Seyssinet-Pariset;45.175293;5.686325;;ARRET;25;
04/12/23 07:51:21;Rue des Fleurs, Seyssinet-Pariset;45.175068;5.686317;14.0;HAUT LE PIED;72;
04/12/23 07:51:43;Rue des Fleurs, Seyssinet-Pariset;45.174419;5.686255;;COLLECTE;0;
04/12/23 07:51:50;Rue des Fleurs, Seyssinet-Pariset;45.174416;5.686255;;ARRET;0;
04/12/23 07:51:51;Rue des Fleurs, Seyssinet-Pariset;45.174416;5.686249;0.0;ARRET;0;
04/12/23 07:51:54;Rue des Fleurs, Seyssinet-Pariset;45.174419;5.68625;;ARRET;28;
04/12/23 07:52:02;Rue des Fleurs, Seyssinet-Pariset;45.174171;5.686189;17.0;HAUT LE PIED;87;
04/12/23 07:52:19;Rue des Fleurs, Seyssinet-Pariset;45.173389;5.686131;;ARRET;1;
04/12/23 07:52:25;Rue des Fleurs, Seyssinet-Pariset;45.173382;5.686124;;COLLECTE;1;
04/12/23 07:52:33;Rue des Fleurs, Seyssinet-Pariset;45.173374;5.686116;0.0;COLLECTE;0;
04/12/23 07:52:40;Rue des Fleurs, Seyssinet-Pariset;45.17337;5.686116;;ARRET;11;
04/12/23 07:53:02;Rue des Fleurs, Seyssinet-Pariset;45.173283;5.686177;;COLLECTE;1;
04/12/23 07:53:09;Rue des Fleurs, Seyssinet-Pariset;45.173279;5.686183;;ARRET;2;
04/12/23 07:53:15;Rue des Fleurs, Seyssinet-Pariset;45.173264;5.68619;;ARRET;13;
04/12/23 07:53:20;Rue des Fleurs, Seyssinet-Pariset;45.173149;5.686142;9.0;HAUT LE PIED;13;
04/12/23 07:53:26;Rue des Fleurs, Seyssinet-Pariset;45.173046;5.686055;;ARRET;2;
04/12/23 07:53:35;Rue des Fleurs, Seyssinet-Pariset;45.173035;5.686038;;COLLECTE;0;
04/12/23 07:53:42;Rue des Fleurs, Seyssinet-Pariset;45.173035;5.686032;;ARRET;1;
04/12/23 07:53:46;Rue des Fleurs, Seyssinet-Pariset;45.173027;5.686028;;ARRET;12;
04/12/23 07:53:49;Rue des Fleurs, Seyssinet-Pariset;45.172916;5.686028;10.0;HAUT LE PIED;64;
04/12/23 07:54:04;Rue des Fleurs, Seyssinet-Pariset;45.172348;5.685945;18.0;HAUT LE PIED;17;
04/12/23 07:54:07;Rue des Fleurs, Seyssinet-Pariset;45.172215;5.685833;23.0;HAUT LE PIED;19;
04/12/23 07:54:11;Rue des Fleurs, Seyssinet-Pariset;45.17207;5.685709;8.0;HAUT LE PIED;12;
04/12/23 07:54:14;Rue des Fleurs, Seyssinet-Pariset;45.171982;5.685631;16.0;HAUT LE PIED;106;
04/12/23 07:54:38;Rue des Fleurs, Seyssinet-Pariset;45.171211;5.684836;12.0;HAUT LE PIED;11;
04/12/23 07:54:41;Rue de Cartale, Seyssinet-Pariset;45.17112;5.684886;15.0;HAUT LE PIED;13;
04/12/23 07:54:44;Rue de Cartale, Seyssinet-Pariset;45.171055;5.685026;16.0;HAUT LE PIED;25;
04/12/23 07:54:49;Rue de Cartale, Seyssinet-Pariset;45.170952;5.685312;19.0;HAUT LE PIED;39;
04/12/23 07:55:05;Rue de Cartale, Seyssinet-Pariset;45.170685;5.685636;;ARRET;2;
04/12/23 07:55:13;Rue de Cartale, Seyssinet-Pariset;45.1707;5.685626;;COLLECTE;2;
04/12/23 07:55:19;Rue de Cartale, Seyssinet-Pariset;45.170712;5.685616;0.0;COLLECTE;0;
04/12/23 07:55:20;Rue de Cartale, Seyssinet-Pariset;45.170712;5.685616;;ARRET;2;
04/12/23 07:55:26;Rue de Cartale, Seyssinet-Pariset;45.170696;5.685629;;ARRET;26;
04/12/23 07:55:32;Rue de Cartale, Seyssinet-Pariset;45.170536;5.685869;19.0;HAUT LE PIED;64;
04/12/23 07:55:46;Rue de Cartale, Seyssinet-Pariset;45.170204;5.686536;;ARRET;2;
04/12/23 07:55:54;Rue de Cartale, Seyssinet-Pariset;45.170204;5.68656;;COLLECTE;0;
04/12/23 07:55:54;Rue de Cartale, Seyssinet-Pariset;45.170204;5.68656;;COLLECTE;0;
04/12/23 07:56:03;Rue de Cartale, Seyssinet-Pariset;45.170204;5.686565;0.0;COLLECTE;0;
04/12/23 07:56:13;Rue de Cartale, Seyssinet-Pariset;45.170204;5.686566;;COLLECTE;0;
04/12/23 07:56:15;Rue de Cartale, Seyssinet-Pariset;45.170204;5.686566;;ARRET;0;
04/12/23 07:56:22;Rue de Cartale, Seyssinet-Pariset;45.170204;5.686566;;COLLECTE;0;
04/12/23 07:56:29;Rue de Cartale, Seyssinet-Pariset;45.170204;5.686566;;ARRET;0;
04/12/23 07:57:01;Rue de Cartale, Seyssinet-Pariset;45.170204;5.686566;;ARRET;30;
04/12/23 07:57:16;Rue de Cartale, Seyssinet-Pariset;45.170155;5.686936;19.0;HAUT LE PIED;15;
04/12/23 07:57:19;Inconnu, Seyssinet-Pariset;45.170109;5.687119;16.0;HAUT LE PIED;11;
04/12/23 07:57:22;Inconnu, Seyssinet-Pariset;45.170025;5.687201;15.0;HAUT LE PIED;13;
04/12/23 07:57:28;Inconnu, Seyssinet-Pariset;45.16991;5.687244;;ARRET;15;
04/12/23 07:57:35;Inconnu, Seyssinet-Pariset;45.169804;5.687361;13.0;HAUT LE PIED;15;
04/12/23 07:57:39;Inconnu, Seyssinet-Pariset;45.169731;5.68752;17.0;HAUT LE PIED;12;
04/12/23 07:57:42;Inconnu, Seyssinet-Pariset;45.169754;5.687668;15.0;HAUT LE PIED;13;
04/12/23 07:57:45;Inconnu, Seyssinet-Pariset;45.169872;5.687671;9.0;HAUT LE PIED;11;
04/12/23 07:57:48;Inconnu, Seyssinet-Pariset;45.169952;5.687594;8.0;HAUT LE PIED;5;
04/12/23 07:57:52;Inconnu, Seyssinet-Pariset;45.169956;5.687526;;MARCHE ARRIERE;6;
04/12/23 07:58:09;Inconnu, Seyssinet-Pariset;45.169937;5.687599;;ARRET;0;
04/12/23 07:58:13;Inconnu, Seyssinet-Pariset;45.169937;5.687599;;COLLECTE;0;
04/12/23 07:58:13;Inconnu, Seyssinet-Pariset;45.169937;5.687599;;COLLECTE;1;
04/12/23 07:58:19;Inconnu, Seyssinet-Pariset;45.169941;5.687591;0.0;COLLECTE;0;
04/12/23 07:58:21;Inconnu, Seyssinet-Pariset;45.169941;5.68759;;COLLECTE;0;
04/12/23 07:58:21;Inconnu, Seyssinet-Pariset;45.169941;5.68759;;ARRET;0;
04/12/23 07:58:28;Inconnu, Seyssinet-Pariset;45.169941;5.68759;;COLLECTE;0;
04/12/23 07:58:28;Inconnu, Seyssinet-Pariset;45.169941;5.68759;;COLLECTE;0;
04/12/23 07:58:35;Inconnu, Seyssinet-Pariset;45.169941;5.687589;;COLLECTE;0;
04/12/23 07:58:36;Inconnu, Seyssinet-Pariset;45.169941;5.687589;;ARRET;0;
04/12/23 07:58:43;Inconnu, Seyssinet-Pariset;45.169941;5.687589;;COLLECTE;0;
04/12/23 07:58:45;Inconnu, Seyssinet-Pariset;45.169941;5.687589;;COLLECTE;0;
04/12/23 07:58:52;Inconnu, Seyssinet-Pariset;45.169941;5.687589;;COLLECTE;0;
04/12/23 07:58:57;Inconnu, Seyssinet-Pariset;45.169941;5.687589;;ARRET;0;
04/12/23 07:59:05;Inconnu, Seyssinet-Pariset;45.169941;5.687589;;COLLECTE;0;
04/12/23 07:59:07;Inconnu, Seyssinet-Pariset;45.169941;5.687589;;COLLECTE;0;
04/12/23 07:59:12;Inconnu, Seyssinet-Pariset;45.169941;5.687589;;COLLECTE;0;
04/12/23 07:59:14;Inconnu, Seyssinet-Pariset;45.169941;5.687589;;ARRET;0;
04/12/23 07:59:19;Inconnu, Seyssinet-Pariset;45.169941;5.687589;;COLLECTE;0;
04/12/23 07:59:20;Inconnu, Seyssinet-Pariset;45.169941;5.687589;;COLLECTE;0;
04/12/23 07:59:28;Inconnu, Seyssinet-Pariset;45.169941;5.687588;;COLLECTE;0;
04/12/23 07:59:28;Inconnu, Seyssinet-Pariset;45.169941;5.687588;;ARRET;0;
04/12/23 07:59:35;Inconnu, Seyssinet-Pariset;45.169941;5.687588;;COLLECTE;0;
04/12/23 07:59:35;Inconnu, Seyssinet-Pariset;45.169941;5.687588;;COLLECTE;0;
04/12/23 07:59:42;Inconnu, Seyssinet-Pariset;45.169941;5.687587;;COLLECTE;0;
04/12/23 07:59:42;Inconnu, Seyssinet-Pariset;45.169941;5.687587;;ARRET;0;
04/12/23 07:59:54;Inconnu, Seyssinet-Pariset;45.169941;5.687586;;COLLECTE;0;
04/12/23 07:59:54;Inconnu, Seyssinet-Pariset;45.169941;5.687586;;COLLECTE;0;
04/12/23 08:00:01;Inconnu, Seyssinet-Pariset;45.169941;5.687585;;COLLECTE;0;
04/12/23 08:00:04;Inconnu, Seyssinet-Pariset;45.169941;5.687585;;ARRET;0;
04/12/23 08:00:16;Inconnu, Seyssinet-Pariset;45.169941;5.687586;;COLLECTE;0;
04/12/23 08:00:16;Inconnu, Seyssinet-Pariset;45.169941;5.687586;;COLLECTE;0;
04/12/23 08:00:24;Inconnu, Seyssinet-Pariset;45.169941;5.687586;;COLLECTE;0;
04/12/23 08:00:24;Inconnu, Seyssinet-Pariset;45.169941;5.687586;;ARRET;0;
04/12/23 08:00:33;Inconnu, Seyssinet-Pariset;45.169941;5.687586;;COLLECTE;0;
04/12/23 08:00:33;Inconnu, Seyssinet-Pariset;45.169941;5.687586;;COLLECTE;0;
04/12/23 08:00:41;Inconnu, Seyssinet-Pariset;45.169941;5.687585;;COLLECTE;0;
04/12/23 08:00:41;Inconnu, Seyssinet-Pariset;45.169941;5.687585;;ARRET;0;
04/12/23 08:00:47;Inconnu, Seyssinet-Pariset;45.169941;5.687585;;COLLECTE;0;
04/12/23 08:00:48;Inconnu, Seyssinet-Pariset;45.169941;5.687585;;COLLECTE;0;
04/12/23 08:00:54;Inconnu, Seyssinet-Pariset;45.169941;5.687585;;COLLECTE;0;
04/12/23 08:00:55;Inconnu, Seyssinet-Pariset;45.169941;5.687585;;ARRET;0;
04/12/23 08:01:05;Inconnu, Seyssinet-Pariset;45.169941;5.687584;;COLLECTE;0;
04/12/23 08:01:06;Inconnu, Seyssinet-Pariset;45.169941;5.687584;;COLLECTE;0;
04/12/23 08:01:13;Inconnu, Seyssinet-Pariset;45.169941;5.687583;;COLLECTE;0;
04/12/23 08:01:14;Inconnu, Seyssinet-Pariset;45.169941;5.687583;;ARRET;0;
04/12/23 08:01:17;Inconnu, Seyssinet-Pariset;45.169941;5.687583;;COLLECTE;0;
04/12/23 08:01:18;Inconnu, Seyssinet-Pariset;45.169941;5.687583;;COLLECTE;0;
04/12/23 08:01:26;Inconnu, Seyssinet-Pariset;45.169941;5.687582;;COLLECTE;0;
04/12/23 08:01:26;Inconnu, Seyssinet-Pariset;45.169941;5.687582;;ARRET;0;
04/12/23 08:01:32;Inconnu, Seyssinet-Pariset;45.169941;5.687582;;COLLECTE;0;
04/12/23 08:01:33;Inconnu, Seyssinet-Pariset;45.169941;5.687582;;COLLECTE;0;
04/12/23 08:01:40;Inconnu, Seyssinet-Pariset;45.169941;5.687582;;COLLECTE;0;
04/12/23 08:01:41;Inconnu, Seyssinet-Pariset;45.169941;5.687582;;ARRET;0;
04/12/23 08:01:46;Inconnu, Seyssinet-Pariset;45.169941;5.687581;;COLLECTE;0;
04/12/23 08:01:46;Inconnu, Seyssinet-Pariset;45.169941;5.687581;;COLLECTE;1;
04/12/23 08:01:54;Inconnu, Seyssinet-Pariset;45.169945;5.687578;;COLLECTE;0;
04/12/23 08:01:54;Inconnu, Seyssinet-Pariset;45.169945;5.687578;;ARRET;0;
04/12/23 08:01:59;Inconnu, Seyssinet-Pariset;45.169945;5.687576;;COLLECTE;0;
04/12/23 08:02:01;Inconnu, Seyssinet-Pariset;45.169945;5.687574;;COLLECTE;0;
04/12/23 08:02:06;Inconnu, Seyssinet-Pariset;45.169945;5.687573;;COLLECTE;0;
04/12/23 08:02:08;Inconnu, Seyssinet-Pariset;45.169945;5.687573;;ARRET;0;
04/12/23 08:02:18;Inconnu, Seyssinet-Pariset;45.169945;5.687573;;COLLECTE;0;
04/12/23 08:02:18;Inconnu, Seyssinet-Pariset;45.169945;5.687573;;COLLECTE;1;
04/12/23 08:02:25;Inconnu, Seyssinet-Pariset;45.169941;5.68757;;COLLECTE;0;
04/12/23 08:02:26;Inconnu, Seyssinet-Pariset;45.169941;5.687568;;ARRET;0;
04/12/23 08:02:38;Inconnu, Seyssinet-Pariset;45.169945;5.687566;;COLLECTE;0;
04/12/23 08:02:38;Inconnu, Seyssinet-Pariset;45.169945;5.687566;;COLLECTE;0;
04/12/23 08:02:46;Inconnu, Seyssinet-Pariset;45.169945;5.687565;;COLLECTE;0;
04/12/23 08:02:46;Inconnu, Seyssinet-Pariset;45.169945;5.687565;;ARRET;0;
04/12/23 08:02:52;Inconnu, Seyssinet-Pariset;45.169945;5.687565;;COLLECTE;0;
04/12/23 08:02:52;Inconnu, Seyssinet-Pariset;45.169945;5.687565;;COLLECTE;0;
04/12/23 08:03:00;Inconnu, Seyssinet-Pariset;45.169945;5.687565;;COLLECTE;0;
04/12/23 08:03:01;Inconnu, Seyssinet-Pariset;45.169945;5.687565;;ARRET;0;
04/12/23 08:03:07;Inconnu, Seyssinet-Pariset;45.169945;5.687565;;COLLECTE;0;
04/12/23 08:03:09;Inconnu, Seyssinet-Pariset;45.169945;5.687565;;COLLECTE;0;
04/12/23 08:03:14;Inconnu, Seyssinet-Pariset;45.169945;5.687565;;COLLECTE;0;
04/12/23 08:03:16;Inconnu, Seyssinet-Pariset;45.169945;5.687565;;ARRET;0;
04/12/23 08:03:25;Inconnu, Seyssinet-Pariset;45.169945;5.687565;;COLLECTE;0;
04/12/23 08:03:33;Inconnu, Seyssinet-Pariset;45.169945;5.687565;;ARRET;33;
04/12/23 08:04:48;Inconnu, Seyssinet-Pariset;45.170101;5.687203;6.0;HAUT LE PIED;7;
04/12/23 08:04:51;Rue de Cartale, Seyssinet-Pariset;45.170155;5.687253;12.0;HAUT LE PIED;8;
04/12/23 08:04:54;Rue de Cartale, Seyssinet-Pariset;45.170166;5.687357;13.0;HAUT LE PIED;126;
04/12/23 08:05:14;Rue de Cartale, Seyssinet-Pariset;45.170231;5.688956;37.0;HAUT LE PIED;33;
04/12/23 08:05:17;Rue de Cartale, Seyssinet-Pariset;45.17009;5.689323;41.0;HAUT LE PIED;47;
04/12/23 08:05:21;Rue de Cartale, Seyssinet-Pariset;45.169872;5.689829;38.0;HAUT LE PIED;33;
04/12/23 08:05:25;Rue de Cartale, Seyssinet-Pariset;45.169811;5.69024;26.0;HAUT LE PIED;177;
04/12/23 08:05:52;Rue de Cartale, Seyssinet-Pariset;45.169857;5.692492;20.0;HAUT LE PIED;17;
04/12/23 08:05:56;Rue de Cartale, Seyssinet-Pariset;45.169746;5.692645;11.0;HAUT LE PIED;8;
04/12/23 08:05:59;Rue de Cartale, Seyssinet-Pariset;45.169682;5.692688;8.0;HAUT LE PIED;11;
04/12/23 08:06:02;Avenue de Grenoble, Seyssinet-Pariset;45.169594;5.692635;17.0;HAUT LE PIED;43;
04/12/23 08:06:09;Avenue de Grenoble, Seyssinet-Pariset;45.169292;5.692285;28.0;HAUT LE PIED;176;
04/12/23 08:06:40;Avenue de Grenoble, Seyssinet-Pariset;45.167946;5.691096;0.0;ARRET;26;
04/12/23 08:06:54;Inconnu, Seyssinet-Pariset;45.167854;5.690786;17.0;HAUT LE PIED;17;
04/12/23 08:06:57;Inconnu, Seyssinet-Pariset;45.167709;5.69071;24.0;HAUT LE PIED;22;
04/12/23 08:07:00;Inconnu, Seyssinet-Pariset;45.167526;5.690824;31.0;HAUT LE PIED;26;
04/12/23 08:07:03;Avenue du Général de Gaulle, Seyssinet-Pariset;45.16732;5.690991;32.0;HAUT LE PIED;418;
04/12/23 08:07:33;Avenue du Général de Gaulle, Seyssins;45.163689;5.692364;56.0;HAUT LE PIED;317;
04/12/23 08:07:55;Avenue du Général de Gaulle, Seyssins;45.160877;5.69304;34.0;HAUT LE PIED;75;
04/12/23 08:08:06;Inconnu, Seyssins;45.160271;5.693455;8.0;HAUT LE PIED;11;
04/12/23 08:08:10;Inconnu, Seyssins;45.160172;5.693433;11.0;HAUT LE PIED;9;
04/12/23 08:08:13;Inconnu, Seyssins;45.160088;5.693441;10.0;HAUT LE PIED;10;
04/12/23 08:08:43;Inconnu, Seyssins;45.160011;5.693495;0.0;ARRET;38;
04/12/23 08:26:01;Inconnu, Seyssins;45.159969;5.693975;7.0;HAUT LE PIED;25;
04/12/23 08:26:07;Inconnu, Seyssins;45.159843;5.694241;17.0;HAUT LE PIED;32;
04/12/23 08:26:13;Inconnu, Seyssins;45.159721;5.694607;16.0;HAUT LE PIED;85;
04/12/23 08:26:26;Avenue du Général de Gaulle, Seyssins;45.1595;5.695646;15.0;HAUT LE PIED;14;
04/12/23 08:26:31;Inconnu, Seyssins;45.159416;5.695774;12.0;HAUT LE PIED;17;
04/12/23 08:26:35;Inconnu, Seyssins;45.159302;5.695911;21.0;HAUT LE PIED;19;
04/12/23 08:26:38;Inconnu, Seyssins;45.159256;5.696142;22.0;HAUT LE PIED;17;
04/12/23 08:26:41;Inconnu, Seyssins;45.159298;5.696349;22.0;HAUT LE PIED;21;
04/12/23 08:26:44;Avenue du Général de Gaulle, Seyssins;45.159332;5.696606;28.0;HAUT LE PIED;153;
04/12/23 08:26:59;Pont du Rondeau, Échirolles;45.159069;5.698525;44.0;HAUT LE PIED;294;
04/12/23 08:27:23;Échangeur du Rondeau, Échirolles;45.15839;5.702152;24.0;HAUT LE PIED;19;
04/12/23 08:27:26;Échangeur du Rondeau, Échirolles;45.158234;5.702242;22.0;HAUT LE PIED;21;
04/12/23 08:27:29;Échangeur du Rondeau, Échirolles;45.158092;5.702067;28.0;HAUT LE PIED;52;
04/12/23 08:27:35;Échangeur du Rondeau, Échirolles;45.157898;5.701465;26.0;HAUT LE PIED;18;
04/12/23 08:27:38;Échangeur du Rondeau, Échirolles;45.157917;5.701236;20.0;HAUT LE PIED;16;
04/12/23 08:27:41;Échangeur du Rondeau, Échirolles;45.158039;5.701124;20.0;HAUT LE PIED;18;
04/12/23 08:27:44;A 480, Échirolles;45.158199;5.701185;25.0;HAUT LE PIED;136;
04/12/23 08:27:57;A 480, Grenoble;45.159389;5.701576;48.0;HAUT LE PIED;216;
04/12/23 08:28:11;A 480, Grenoble;45.161331;5.701711;58.0;HAUT LE PIED;442;
04/12/23 08:28:42;A 480, Grenoble;45.165302;5.701929;29.0;HAUT LE PIED;219;
04/12/23 08:29:01;Inconnu, Grenoble;45.167263;5.702148;40.0;HAUT LE PIED;32;
04/12/23 08:29:04;Inconnu, Grenoble;45.167503;5.702382;36.0;HAUT LE PIED;30;
04/12/23 08:29:07;Inconnu, Grenoble;45.167618;5.702724;37.0;HAUT LE PIED;46;
04/12/23 08:29:11;Inconnu, Grenoble;45.167645;5.703306;43.0;HAUT LE PIED;43;
04/12/23 08:29:15;Inconnu, Grenoble;45.167587;5.703845;31.0;HAUT LE PIED;30;
04/12/23 08:29:20;Inconnu, Grenoble;45.167511;5.70421;10.0;HAUT LE PIED;4;
04/12/23 08:29:50;Inconnu, Grenoble;45.167542;5.704224;0.0;ARRET;27;
04/12/23 08:30:25;Rue Albert Reynier, Grenoble;45.167576;5.704562;22.0;HAUT LE PIED;17;
04/12/23 08:30:28;Rue Albert Reynier, Grenoble;45.167652;5.704749;20.0;HAUT LE PIED;15;
04/12/23 08:30:31;Inconnu, Grenoble;45.167763;5.704862;15.0;HAUT LE PIED;17;
04/12/23 08:30:34;Inconnu, Grenoble;45.167912;5.704854;23.0;HAUT LE PIED;259;
04/12/23 08:31:04;Avenue Rhin et Danube, Grenoble;45.170242;5.704954;37.0;HAUT LE PIED;180;
04/12/23 08:31:34;Inconnu, Grenoble;45.171856;5.705019;12.0;HAUT LE PIED;30;
04/12/23 08:32:05;Avenue Rhin et Danube, Grenoble;45.172123;5.704988;0.0;ARRET;39;
04/12/23 08:32:18;Avenue Rhin et Danube, Grenoble;45.172466;5.705061;12.0;HAUT LE PIED;11;
04/12/23 08:32:21;Rue Anatole France, Grenoble;45.172497;5.7052;16.0;HAUT LE PIED;116;
04/12/23 08:32:52;Docteur Schweitzer, Grenoble;45.172382;5.70667;21.0;HAUT LE PIED;138;
04/12/23 08:33:11;Rue Anatole France, Grenoble;45.172329;5.708425;33.0;HAUT LE PIED;67;
04/12/23 08:33:18;Rue Anatole France, Grenoble;45.172565;5.709212;37.0;HAUT LE PIED;209;
04/12/23 08:33:49;Rue Anatole France, Grenoble;45.173447;5.711568;31.0;HAUT LE PIED;113;
04/12/23 08:34:07;Rue Anatole France, Grenoble;45.173996;5.712774;17.0;HAUT LE PIED;14;
04/12/23 08:34:11;Rue Anatole France, Grenoble;45.17408;5.712913;9.0;HAUT LE PIED;62;
04/12/23 08:34:42;Rue Anatole France, Grenoble;45.174404;5.713549;0.0;ARRET;26;
04/12/23 08:35:27;Rue Anatole France, Grenoble;45.174522;5.713833;6.0;HAUT LE PIED;20;
04/12/23 08:35:58;Rue Anatole France, Grenoble;45.174461;5.714075;0.0;ARRET;29;
04/12/23 08:36:41;Inconnu, Grenoble;45.174358;5.714409;16.0;HAUT LE PIED;43;
04/12/23 08:36:48;Rue des Alliés, Grenoble;45.174263;5.714943;30.0;HAUT LE PIED;76;
04/12/23 08:36:56;Rue des Alliés, Grenoble;45.174072;5.715867;38.0;HAUT LE PIED;229;
04/12/23 08:37:24;Rue des Alliés, Grenoble;45.173317;5.718584;12.0;HAUT LE PIED;25;
04/12/23 08:37:30;Rue des Alliés, Grenoble;45.173298;5.718897;19.0;HAUT LE PIED;35;
04/12/23 08:37:38;Rue Honoré de Balzac, Grenoble;45.173393;5.71932;17.0;HAUT LE PIED;15;
04/12/23 08:37:41;Rue Honoré de Balzac, Grenoble;45.173462;5.719482;16.0;HAUT LE PIED;14;
04/12/23 08:37:44;Rue Honoré de Balzac, Grenoble;45.173466;5.719666;10.0;HAUT LE PIED;170;
04/12/23 08:38:15;Rue Honoré de Balzac, Grenoble;45.173885;5.721752;21.0;HAUT LE PIED;172;
04/12/23 08:38:43;Rue Honoré de Balzac, Grenoble;45.174274;5.723868;19.0;HAUT LE PIED;16;
04/12/23 08:38:46;Rue Honoré de Balzac, Grenoble;45.174297;5.724064;17.0;HAUT LE PIED;70;
04/12/23 08:39:17;Rue Honoré de Balzac, Grenoble;45.174446;5.724925;0.0;ARRET;27;
04/12/23 08:40:26;Rue de Stalingrad, Grenoble;45.174519;5.725259;12.0;HAUT LE PIED;13;
04/12/23 08:40:30;Rue Edmond About, Grenoble;45.174549;5.725418;16.0;HAUT LE PIED;13;
04/12/23 08:40:33;Rue de Stalingrad, Grenoble;45.174641;5.72553;14.0;HAUT LE PIED;19;
04/12/23 08:40:37;Rue de Stalingrad, Grenoble;45.174801;5.725603;20.0;HAUT LE PIED;100;
04/12/23 08:41:07;Rue de Stalingrad, Grenoble;45.175671;5.725943;9.0;HAUT LE PIED;125;
04/12/23 08:41:38;Rue des Déportés du 11 Novembre 1943, Grenoble;45.176731;5.72649;20.0;HAUT LE PIED;20;
04/12/23 08:41:40;Rue des Déportés du 11 Novembre 1943, Grenoble;45.176884;5.726612;25.0;HAUT LE PIED;76;
04/12/23 08:41:49;Rue des Déportés du 11 Novembre 1943, Grenoble;45.177402;5.727241;33.0;HAUT LE PIED;89;
04/12/23 08:42:03;Rue des Déportés du 11 Novembre 1943, Grenoble;45.178146;5.727649;18.0;HAUT LE PIED;24;
04/12/23 08:42:07;Rue des Déportés, Grenoble;45.178352;5.727744;26.0;HAUT LE PIED;173;
04/12/23 08:42:26;Rue des Déportés du 11 Novembre 1943, Grenoble;45.179825;5.728464;22.0;HAUT LE PIED;96;
04/12/23 08:42:50;Rue des Déportés du 11 Novembre 1943, Grenoble;45.180687;5.728446;26.0;HAUT LE PIED;29;
04/12/23 08:42:54;Rue Mallifaud, Grenoble;45.180943;5.728349;28.0;HAUT LE PIED;54;
04/12/23 08:43:25;Rue Nestor Cornier, Grenoble;45.181366;5.728014;0.0;ARRET;27;
04/12/23 08:44:43;Rue Nestor Cornier, Grenoble;45.181576;5.727838;16.0;HAUT LE PIED;8;
04/12/23 08:45:14;Rue Nestor Cornier, Grenoble;45.181637;5.727774;0.0;ARRET;40;
04/12/23 08:45:47;Boulevard Maréchal Joffre, Grenoble;45.181995;5.727778;6.0;HAUT LE PIED;10;
04/12/23 08:45:51;Inconnu, Grenoble;45.182072;5.727855;8.0;HAUT LE PIED;37;
04/12/23 08:45:58;Boulevard Maréchal Joffre, Grenoble;45.182259;5.728244;25.0;HAUT LE PIED;20;
04/12/23 08:46:01;Boulevard Maréchal Joffre, Grenoble;45.182373;5.728448;24.0;HAUT LE PIED;25;
04/12/23 08:46:04;Boulevard Maréchal Joffre, Grenoble;45.182495;5.728721;31.0;HAUT LE PIED;231;
04/12/23 08:46:35;Boulevard Maréchal Joffre, Grenoble;45.183525;5.731276;0.0;ARRET;28;
04/12/23 08:46:59;Place Pasteur, Grenoble;45.183643;5.731586;23.0;HAUT LE PIED;88;
04/12/23 08:47:11;Boulevard Maréchal Joffre, Grenoble;45.184143;5.732463;16.0;HAUT LE PIED;26;
04/12/23 08:47:42;Inconnu, Grenoble;45.18417;5.732786;0.0;ARRET;26;
04/12/23 08:48:14;Place Paul Mistral, Grenoble;45.184315;5.733052;14.0;HAUT LE PIED;11;
04/12/23 08:48:45;Place Paul Mistral, Grenoble;45.184391;5.733138;0.0;ARRET;28;
04/12/23 08:48:58;Inconnu, Grenoble;45.184639;5.733072;10.0;HAUT LE PIED;27;
04/12/23 08:49:28;Place Paul Mistral, Grenoble;45.184769;5.732777;9.0;HAUT LE PIED;27;
04/12/23 08:49:34;Chavant, Grenoble;45.184967;5.732587;23.0;HAUT LE PIED;38;
04/12/23 08:49:41;Place Paul Mistral, Grenoble;45.185276;5.732395;14.0;HAUT LE PIED;14;
04/12/23 08:49:44;Place Paul Mistral, Grenoble;45.185402;5.732425;14.0;HAUT LE PIED;14;
04/12/23 08:49:47;Boulevard Jean Pain, Grenoble;45.185505;5.732534;14.0;HAUT LE PIED;19;
04/12/23 08:49:50;Boulevard Jean Pain, Grenoble;45.185577;5.732756;19.0;HAUT LE PIED;244;
04/12/23 08:50:21;Boulevard Jean Pain, Grenoble;45.186626;5.735485;22.0;HAUT LE PIED;98;
04/12/23 08:50:51;Boulevard Jean Pain, Grenoble;45.187046;5.736577;12.0;HAUT LE PIED;47;
04/12/23 08:51:22;Boulevard Jean Pain, Grenoble;45.18726;5.73709;7.0;HAUT LE PIED;16;
04/12/23 08:51:53;Boulevard Jean Pain, Grenoble;45.187336;5.737267;0.0;ARRET;25;
04/12/23 08:52:03;Grenoble - Hôtel de Ville, Grenoble;45.187439;5.737557;10.0;HAUT LE PIED;34;
04/12/23 08:52:34;Boulevard Jean Pain, Grenoble;45.187553;5.737965;0.0;ARRET;29;
04/12/23 08:53:00;Inconnu, Grenoble;45.187698;5.73827;23.0;HAUT LE PIED;88;
04/12/23 08:53:31;Boulevard Jean Pain, Grenoble;45.188118;5.739225;0.0;ARRET;27;
04/12/23 08:53:42;Boulevard Jean Pain, Grenoble;45.188236;5.739523;21.0;HAUT LE PIED;113;
04/12/23 08:54:13;Avenue de Valmy, Grenoble;45.188717;5.740785;0.0;ARRET;25;
04/12/23 08:54:50;Inconnu, Grenoble;45.188793;5.741085;16.0;HAUT LE PIED;145;
04/12/23 08:55:11;Pont de la Porte de Savoie, La Tronche;45.189629;5.742507;34.0;HAUT LE PIED;384;
04/12/23 08:55:41;Inconnu, La Tronche;45.191959;5.746127;53.0;HAUT LE PIED;507;
04/12/23 08:56:12;Avenue de Verdun, La Tronche;45.195175;5.750703;66.0;HAUT LE PIED;575;
04/12/23 08:56:42;Avenue de Verdun, La Tronche;45.198776;5.755965;69.0;HAUT LE PIED;237;
04/12/23 08:57:01;Avenue de Verdun, La Tronche;45.200134;5.7583;29.0;HAUT LE PIED;62;
04/12/23 08:57:09;Chemin de la Tuilerie, La Tronche;45.20039;5.759;17.0;HAUT LE PIED;13;
04/12/23 08:57:12;Chemin de la Tuilerie, La Tronche;45.200352;5.759151;14.0;HAUT LE PIED;38;
04/12/23 08:57:18;Chemin de la Tuilerie, La Tronche;45.200115;5.759508;27.0;HAUT LE PIED;101;
04/12/23 08:57:31;Chemin de la Tuilerie, La Tronche;45.199394;5.760291;32.0;HAUT LE PIED;127;
04/12/23 08:57:54;Chemin de la Tuilerie, La Tronche;45.198368;5.760999;8.0;HAUT LE PIED;18;
04/12/23 08:57:59;Chemin de la Tuilerie, La Tronche;45.198242;5.761134;15.0;HAUT LE PIED;10;
04/12/23 08:58:02;Chemin de la Tuilerie, La Tronche;45.198151;5.761125;10.0;HAUT LE PIED;11;
04/12/23 08:58:05;Chemin de la Tuilerie, La Tronche;45.198132;5.760988;11.0;HAUT LE PIED;14;
04/12/23 08:58:08;Inconnu, La Tronche;45.198193;5.760831;15.0;HAUT LE PIED;19;
04/12/23 08:58:11;Inconnu, La Tronche;45.198357;5.760747;19.0;HAUT LE PIED;58;
04/12/23 08:58:22;Inconnu, La Tronche;45.198849;5.760513;17.0;HAUT LE PIED;51;
04/12/23 08:58:31;Inconnu, La Tronche;45.199238;5.760177;22.0;HAUT LE PIED;18;
04/12/23 08:58:34;Inconnu, La Tronche;45.199306;5.75997;23.0;HAUT LE PIED;18;
04/12/23 08:58:37;Inconnu, La Tronche;45.199318;5.759744;19.0;HAUT LE PIED;35;
04/12/23 08:58:52;Inconnu, La Tronche;45.199265;5.75931;16.0;HAUT LE PIED;114;
04/12/23 08:59:09;Inconnu, La Tronche;45.198883;5.75796;18.0;HAUT LE PIED;13;
04/12/23 08:59:12;Inconnu, La Tronche;45.198769;5.757956;15.0;HAUT LE PIED;27;
04/12/23 08:59:23;Inconnu, La Tronche;45.198551;5.758094;9.0;HAUT LE PIED;5;
04/12/23 08:59:54;Inconnu, La Tronche;45.198505;5.758119;0.0;ARRET;25;
04/12/23 09:00:08;Inconnu, La Tronche;45.198292;5.758233;14.0;HAUT LE PIED;25;
04/12/23 09:00:19;Inconnu, La Tronche;45.198067;5.758255;8.0;HAUT LE PIED;17;
04/12/23 09:00:22;Inconnu, La Tronche;45.197914;5.758263;15.0;HAUT LE PIED;20;
04/12/23 09:00:26;Inconnu, La Tronche;45.19775;5.758373;18.0;HAUT LE PIED;45;
04/12/23 09:00:37;Inconnu, La Tronche;45.197456;5.758773;19.0;HAUT LE PIED;17;
04/12/23 09:00:41;Inconnu, La Tronche;45.197388;5.758966;8.0;HAUT LE PIED;16;
04/12/23 09:00:44;Inconnu, La Tronche;45.197395;5.759168;20.0;HAUT LE PIED;44;
04/12/23 09:00:54;Inconnu, La Tronche;45.197575;5.759661;15.0;HAUT LE PIED;29;
04/12/23 09:01:01;Inconnu, La Tronche;45.197765;5.759907;13.0;HAUT LE PIED;17;
04/12/23 09:01:32;Inconnu, La Tronche;45.197918;5.759909;0.0;VIDAGE;13;
04/12/23 09:02:19;Inconnu, La Tronche;45.198032;5.759879;;MARCHE ARRIERE;0;
04/12/23 09:02:22;Inconnu, La Tronche;45.198032;5.759879;;VIDAGE;46;
04/12/23 09:06:06;Inconnu, La Tronche;45.19762;5.75987;6.0;HAUT LE PIED;26;
04/12/23 09:06:13;Inconnu, La Tronche;45.197517;5.759566;19.0;HAUT LE PIED;43;
04/12/23 09:06:25;Inconnu, La Tronche;45.197418;5.759039;10.0;HAUT LE PIED;15;
04/12/23 09:06:28;Inconnu, La Tronche;45.197453;5.758858;20.0;HAUT LE PIED;19;
04/12/23 09:06:31;Inconnu, La Tronche;45.197559;5.758673;24.0;HAUT LE PIED;43;
04/12/23 09:06:39;Inconnu, La Tronche;45.197845;5.758303;11.0;HAUT LE PIED;19;
04/12/23 09:06:45;Inconnu, La Tronche;45.198013;5.758248;10.0;HAUT LE PIED;11;
04/12/23 09:06:48;Inconnu, La Tronche;45.198112;5.758274;13.0;HAUT LE PIED;18;
04/12/23 09:06:53;Inconnu, La Tronche;45.198261;5.758363;12.0;HAUT LE PIED;26;
04/12/23 09:07:04;Inconnu, La Tronche;45.198479;5.758235;14.0;HAUT LE PIED;34;
04/12/23 09:07:35;Inconnu, La Tronche;45.198765;5.758076;0.0;ARRET;28;
04/12/23 09:08:13;Chemin de la Tuilerie, La Tronche;45.199017;5.758046;13.0;HAUT LE PIED;13;
04/12/23 09:08:16;Chemin de la Tuilerie, La Tronche;45.199059;5.758201;14.0;HAUT LE PIED;111;
04/12/23 09:08:34;Inconnu, La Tronche;45.199287;5.759578;14.0;HAUT LE PIED;13;
04/12/23 09:08:37;Inconnu, La Tronche;45.199276;5.759738;14.0;HAUT LE PIED;27;
04/12/23 09:08:44;Inconnu, La Tronche;45.199306;5.760074;14.0;HAUT LE PIED;13;
04/12/23 09:08:47;Inconnu, La Tronche;45.199242;5.760214;17.0;HAUT LE PIED;18;
04/12/23 09:08:50;Inconnu, La Tronche;45.199085;5.760249;19.0;HAUT LE PIED;16;
04/12/23 09:08:53;Inconnu, La Tronche;45.198944;5.760297;18.0;HAUT LE PIED;95;
04/12/23 09:09:10;Inconnu, La Tronche;45.198147;5.760725;30.0;HAUT LE PIED;16;
04/12/23 09:09:13;;45.198044;5.760869;18.0;HAUT LE PIED;15;
04/12/23 09:09:16;Chemin de la Tuilerie, La Tronche;45.198002;5.761045;20.0;HAUT LE PIED;16;
04/12/23 09:09:19;Chemin de la Tuilerie, La Tronche;45.198116;5.76116;19.0;HAUT LE PIED;17;
04/12/23 09:09:22;Chemin de la Tuilerie, La Tronche;45.198265;5.761131;21.0;HAUT LE PIED;21;
04/12/23 09:09:25;Chemin de la Tuilerie, La Tronche;45.198433;5.761017;28.0;HAUT LE PIED;197;
04/12/23 09:09:46;Chemin de la Tuilerie, La Tronche;45.199955;5.759727;28.0;HAUT LE PIED;69;
04/12/23 09:10:16;Chemin de la Tuilerie, Meylan;45.200432;5.759174;0.0;ARRET;26;
04/12/23 09:10:23;Inconnu, Meylan;45.200645;5.759043;20.0;HAUT LE PIED;13;
04/12/23 09:10:26;Avenue de Verdun, La Tronche;45.200737;5.758939;10.0;HAUT LE PIED;8;
04/12/23 09:10:29;Avenue de Verdun, Meylan;45.200813;5.758947;9.0;HAUT LE PIED;5;
04/12/23 09:11:00;Avenue de Verdun, Meylan;45.200851;5.758967;0.0;ARRET;27;
04/12/23 09:11:31;Avenue de Verdun, Meylan;45.200909;5.758633;21.0;HAUT LE PIED;17;
04/12/23 09:11:34;Avenue de Verdun, La Tronche;45.200825;5.758458;23.0;HAUT LE PIED;217;
04/12/23 09:11:51;Avenue de Verdun, La Tronche;45.19944;5.756514;60.0;HAUT LE PIED;619;
04/12/23 09:12:22;Avenue de Verdun, La Tronche;45.195534;5.750887;74.0;HAUT LE PIED;451;
04/12/23 09:12:53;Avenue de Verdun, La Tronche;45.192661;5.746837;0.0;ARRET;205;
04/12/23 09:13:23;Avenue de Verdun, La Tronche;45.191395;5.744939;52.0;HAUT LE PIED;361;
04/12/23 09:13:53;Inconnu, Grenoble;45.189213;5.74153;47.0;HAUT LE PIED;159;
04/12/23 09:14:06;Boulevard Jean Pain, Grenoble;45.188454;5.739811;30.0;HAUT LE PIED;105;
04/12/23 09:14:37;Boulevard Jean Pain, Grenoble;45.187992;5.73864;0.0;ARRET;25;
04/12/23 09:15:13;Boulevard Jean Pain, Grenoble;45.187904;5.738342;22.0;HAUT LE PIED;173;
04/12/23 09:15:43;Boulevard Jean Pain, Grenoble;45.187119;5.736445;11.0;HAUT LE PIED;205;
04/12/23 09:16:14;Boulevard Jean Pain, Grenoble;45.186226;5.734165;0.0;ARRET;111;
04/12/23 09:16:45;Boulevard Jean Pain, Grenoble;45.185741;5.732922;10.0;HAUT LE PIED;12;
04/12/23 09:17:15;Boulevard Jean Pain, Grenoble;45.185673;5.732802;0.0;ARRET;30;
04/12/23 09:18:20;Boulevard Jean Pain, Grenoble;45.185577;5.73245;17.0;HAUT LE PIED;56;
04/12/23 09:18:31;Place Eugène Chavant, Grenoble;45.185345;5.731818;19.0;HAUT LE PIED;12;
04/12/23 09:18:34;Boulevard Maréchal Lyautey, Grenoble;45.185333;5.731666;13.0;HAUT LE PIED;27;
04/12/23 09:19:05;Boulevard Maréchal Lyautey, Grenoble;45.185432;5.731347;0.0;ARRET;26;
04/12/23 09:20:30;Boulevard Maréchal Lyautey, Grenoble;45.185551;5.731057;7.0;HAUT LE PIED;29;
04/12/23 09:21:01;Boulevard Maréchal Lyautey, Grenoble;45.185593;5.730687;0.0;ARRET;35;
04/12/23 09:21:38;Boulevard Maréchal Lyautey, Grenoble;45.185669;5.730251;6.0;HAUT LE PIED;25;
04/12/23 09:22:09;Boulevard Maréchal Lyautey, Grenoble;45.185757;5.729952;0.0;ARRET;25;
04/12/23 09:22:25;Boulevard Maréchal Lyautey, Grenoble;45.185818;5.729641;17.0;HAUT LE PIED;80;
04/12/23 09:22:42;Boulevard Agutte Sembat, Grenoble;45.186089;5.728693;13.0;HAUT LE PIED;131;
04/12/23 09:23:13;Boulevard Agutte Sembat, Grenoble;45.187046;5.727721;0.0;ARRET;26;
04/12/23 09:23:32;Boulevard Agutte Sembat, Grenoble;45.187237;5.727524;16.0;HAUT LE PIED;100;
04/12/23 09:23:46;Boulevard Agutte Sembat, Grenoble;45.187935;5.726713;21.0;HAUT LE PIED;3;
04/12/23 09:24:16;Boulevard Agutte Sembat, Grenoble;45.187962;5.726693;0.0;ARRET;30;
04/12/23 09:24:37;Boulevard Agutte Sembat, Grenoble;45.188168;5.726451;21.0;HAUT LE PIED;24;
04/12/23 09:24:41;Boulevard Agutte Sembat, Grenoble;45.188351;5.726285;25.0;HAUT LE PIED;34;
04/12/23 09:24:45;Boulevard Agutte Sembat, Grenoble;45.188606;5.726038;33.0;HAUT LE PIED;30;
04/12/23 09:25:15;Boulevard Agutte Sembat, Grenoble;45.188801;5.725778;0.0;ARRET;27;
04/12/23 09:25:59;Place Victor Hugo, Grenoble;45.18898;5.725555;17.0;HAUT LE PIED;85;
04/12/23 09:26:30;Place Victor Hugo, Grenoble;45.189571;5.724877;0.0;ARRET;26;
04/12/23 09:26:45;Boulevard Édouard Rey, Grenoble;45.189747;5.724668;15.0;HAUT LE PIED;170;
04/12/23 09:27:07;Boulevard Édouard Rey, Grenoble;45.190975;5.723374;29.0;HAUT LE PIED;38;
04/12/23 09:27:15;Boulevard Édouard Rey, Grenoble;45.191254;5.723094;15.0;HAUT LE PIED;15;
04/12/23 09:27:18;Boulevard Édouard Rey, Grenoble;45.19136;5.722973;18.0;HAUT LE PIED;116;
04/12/23 09:27:33;Boulevard Édouard Rey, Grenoble;45.19215;5.722003;18.0;HAUT LE PIED;11;
04/12/23 09:28:03;Boulevard Édouard Rey, Grenoble;45.19223;5.721915;0.0;ARRET;26;
04/12/23 09:28:38;Quai Créqui, Grenoble;45.192417;5.721718;21.0;HAUT LE PIED;16;
04/12/23 09:28:41;Quai Créqui, Grenoble;45.192406;5.721511;17.0;HAUT LE PIED;16;
04/12/23 09:29:11;Quai Créqui, Grenoble;45.192375;5.721308;0.0;ARRET;29;
04/12/23 09:29:43;Place Hubert Dubedout, Grenoble;45.192337;5.720944;23.0;HAUT LE PIED;63;
04/12/23 09:29:55;Place Hubert Dubedout, Grenoble;45.192322;5.720142;20.0;HAUT LE PIED;79;
04/12/23 09:30:07;Quai Claude Bernard, Grenoble;45.192459;5.719154;32.0;HAUT LE PIED;198;
04/12/23 09:30:30;Quai Claude Bernard, Grenoble;45.193218;5.716876;26.0;HAUT LE PIED;170;
04/12/23 09:30:48;Quai Claude Bernard, Grenoble;45.194275;5.715316;38.0;HAUT LE PIED;111;
04/12/23 09:30:58;Quai de la Graille, Grenoble;45.195164;5.714686;42.0;HAUT LE PIED;125;
04/12/23 09:31:11;Quai de la Graille, Grenoble;45.19627;5.714404;35.0;HAUT LE PIED;219;
04/12/23 09:31:34;Quai de la Graille, Grenoble;45.198238;5.714363;37.0;HAUT LE PIED;154;
04/12/23 09:31:49;Quai de la Graille, Grenoble;45.199612;5.714087;20.0;HAUT LE PIED;17;
04/12/23 09:31:52;Rue Durand-Savoyat, Grenoble;45.199604;5.713866;25.0;HAUT LE PIED;144;
04/12/23 09:32:10;Rue Durand-Savoyat, Grenoble;45.199177;5.712136;32.0;HAUT LE PIED;224;
04/12/23 09:32:35;Avenue des Martyrs, Grenoble;45.198643;5.709386;20.0;HAUT LE PIED;21;
04/12/23 09:32:38;Avenue des Martyrs, Grenoble;45.198761;5.709178;31.0;HAUT LE PIED;411;
04/12/23 09:33:09;Avenue des Martyrs, Grenoble;45.201492;5.705642;41.0;HAUT LE PIED;77;
04/12/23 09:33:18;Rue Capitaine André Lanvin-Lespiau, Grenoble;45.202011;5.704985;14.0;HAUT LE PIED;11;
04/12/23 09:33:21;Avenue des Martyrs, Grenoble;45.20208;5.704888;10.0;HAUT LE PIED;35;
04/12/23 09:33:48;Avenue des Martyrs, Grenoble;45.202305;5.70457;21.0;HAUT LE PIED;21;
04/12/23 09:33:51;Avenue des Martyrs, Grenoble;45.202442;5.704389;28.0;HAUT LE PIED;340;
04/12/23 09:34:22;Avenue des Martyrs, Grenoble;45.204666;5.701416;28.0;HAUT LE PIED;75;
04/12/23 09:34:33;Place de la Résistance, Grenoble;45.205173;5.700791;18.0;HAUT LE PIED;15;
04/12/23 09:34:36;Place de la Résistance, Grenoble;45.205307;5.700823;19.0;HAUT LE PIED;18;
04/12/23 09:34:39;Place de la Résistance, Grenoble;45.205456;5.700923;24.0;HAUT LE PIED;21;
04/12/23 09:34:42;Place de la Résistance, Grenoble;45.205616;5.700786;28.0;HAUT LE PIED;47;
04/12/23 09:34:48;Place de la Résistance, Grenoble;45.205921;5.700373;24.0;HAUT LE PIED;19;
04/12/23 09:34:51;Place de la Résistance, Grenoble;45.205887;5.700137;22.0;HAUT LE PIED;13;
04/12/23 09:34:54;Place de la Résistance, Grenoble;45.205818;5.700005;10.0;HAUT LE PIED;13;
04/12/23 09:34:57;Avenue des Martyrs, Grenoble;45.205875;5.69986;17.0;HAUT LE PIED;154;
04/12/23 09:35:26;Avenue des Martyrs, Grenoble;45.206913;5.698554;32.0;HAUT LE PIED;207;
04/12/23 09:35:57;Avenue des Martyrs, Grenoble;45.208271;5.696754;19.0;HAUT LE PIED;177;
04/12/23 09:36:15;Avenue des Martyrs, Grenoble;45.209347;5.695088;51.0;HAUT LE PIED;62;
04/12/23 09:36:19;Avenue des Martyrs, Grenoble;45.209599;5.694378;59.0;HAUT LE PIED;223;
04/12/23 09:36:31;Avenue des Martyrs, Grenoble;45.210068;5.691609;71.0;HAUT LE PIED;382;
04/12/23 09:36:55;Inconnu, Grenoble;45.210781;5.686836;38.0;HAUT LE PIED;113;
04/12/23 09:37:04;D 531, Grenoble;45.211163;5.685503;48.0;HAUT LE PIED;48;
04/12/23 09:37:08;D 531, Grenoble;45.211174;5.684897;45.0;HAUT LE PIED;31;
04/12/23 09:37:11;D 531, Grenoble;45.21101;5.684574;39.0;HAUT LE PIED;36;
04/12/23 09:37:14;D 531, Grenoble;45.210705;5.684433;43.0;HAUT LE PIED;39;
04/12/23 09:37:17;Inconnu, Grenoble;45.210365;5.684539;49.0;HAUT LE PIED;167;
04/12/23 09:37:30;D 531, Grenoble;45.208984;5.685369;27.0;HAUT LE PIED;24;
04/12/23 09:37:33;Pont des Martyrs, Grenoble;45.208794;5.685229;33.0;HAUT LE PIED;246;
04/12/23 09:37:51;D 531, Sassenage;45.207195;5.683062;62.0;HAUT LE PIED;116;
04/12/23 09:37:59;D 531, Sassenage;45.206192;5.682647;34.0;HAUT LE PIED;68;
04/12/23 09:38:13;Rue de l'Argentière, Sassenage;45.205593;5.682463;17.0;HAUT LE PIED;17;
04/12/23 09:38:16;Rue de la Sure, Sassenage;45.20546;5.682581;24.0;HAUT LE PIED;47;
04/12/23 09:38:22;Rue de la Sure, Sassenage;45.205219;5.683074;32.0;HAUT LE PIED;113;
04/12/23 09:38:34;Rue de la Sure, Sassenage;45.204708;5.684325;29.0;HAUT LE PIED;17;
04/12/23 09:38:37;Rue de Sornin, Sassenage;45.204605;5.684492;16.0;HAUT LE PIED;15;
04/12/23 09:38:40;Rue de Sornin, Sassenage;45.204624;5.684686;21.0;HAUT LE PIED;40;
04/12/23 09:38:46;Rue de Sornin, Sassenage;45.204758;5.685157;27.0;HAUT LE PIED;28;
04/12/23 09:38:50;Rue de Sornin, Sassenage;45.204823;5.685502;20.0;HAUT LE PIED;18;
04/12/23 09:38:53;Rue Baptiste Marcet, Sassenage;45.204742;5.685698;25.0;HAUT LE PIED;68;
04/12/23 09:39:04;Rue Baptiste Marcet, Sassenage;45.204201;5.686091;11.0;HAUT LE PIED;11;
04/12/23 09:39:07;Rue Baptiste Marcet, Sassenage;45.204102;5.686111;13.0;HAUT LE PIED;10;
04/12/23 09:39:11;Rue Baptiste Marcet, Sassenage;45.204021;5.686151;9.0;HAUT LE PIED;30;
04/12/23 09:39:35;Rue Baptiste Marcet, Sassenage;45.204285;5.686072;18.0;HAUT LE PIED;67;
04/12/23 09:39:47;Rue Baptiste Marcet, Sassenage;45.204811;5.685669;13.0;HAUT LE PIED;11;
04/12/23 09:39:50;Rue de Sornin, Sassenage;45.204899;5.685721;14.0;HAUT LE PIED;13;
04/12/23 09:39:53;Rue de Sornin, Sassenage;45.204948;5.685872;16.0;HAUT LE PIED;10;
04/12/23 09:39:56;Inconnu, Sassenage;45.204903;5.685987;10.0;HAUT LE PIED;27;
04/12/23 09:40:10;Inconnu, Sassenage;45.204662;5.686056;10.0;HAUT LE PIED;15;
04/12/23 09:40:13;Inconnu, Sassenage;45.204529;5.686081;18.0;HAUT LE PIED;20;
04/12/23 09:40:17;Inconnu, Sassenage;45.204372;5.6862;17.0;HAUT LE PIED;13;
04/12/23 09:40:20;Inconnu, Sassenage;45.20435;5.686365;17.0;HAUT LE PIED;11;
04/12/23 09:40:23;Inconnu, Sassenage;45.204426;5.686452;10.0;HAUT LE PIED;13;
04/12/23 09:40:26;Inconnu, Sassenage;45.204533;5.686387;22.0;HAUT LE PIED;10;
04/12/23 09:40:29;Inconnu, Sassenage;45.204613;5.686322;9.0;HAUT LE PIED;3;
04/12/23 09:41:00;Inconnu, Sassenage;45.204617;5.686363;0.0;DEPOT;6;
04/12/23 11:03:44;Inconnu, Sassenage;45.204567;5.686364;;DEPOT;0;
